0.000000 33908.797906
1.000000 35748.331548
2.000000 40597.280853
3.000000 46405.494217
4.000000 52460.731531
5.000000 58756.326277
6.000000 64593.635671
7.000000 69257.993029
8.000000 72685.181589
9.000000 74834.684789
10.000000 75940.231595
11.000000 76017.917481
12.000000 76078.869518
13.000000 75838.507946
14.000000 73536.505465
15.000000 74107.297369
16.000000 55212.614791
17.000000 54293.889960
18.000000 51187.534111
19.000000 49362.159377
20.000000 51282.007788
21.000000 54379.501828
22.000000 55554.435456
23.000000 55615.864948
24.000000 54657.509887
25.000000 51969.315245
26.000000 47957.799609
27.000000 44331.426021
28.000000 43507.684622
29.000000 46130.679407
30.000000 50294.265231
31.000000 53778.702270
32.000000 55662.998509
33.000000 56093.374899
34.000000 54969.969763
35.000000 52776.398111
36.000000 52705.438722
37.000000 55073.398040
38.000000 56230.669972
39.000000 56080.987331
40.000000 56387.490424
41.000000 55935.695088
42.000000 54343.958012
43.000000 51503.324077
44.000000 47782.041370
45.000000 43615.460414
46.000000 36550.097274
47.000000 33696.953878
48.000000 32412.803416
49.000000 33417.287021
50.000000 36129.771492
51.000000 39629.696462
52.000000 43439.374562
53.000000 46981.233053
54.000000 49770.986895
55.000000 51478.217971
56.000000 52155.579663
57.000000 52050.130756
58.000000 52176.341999
59.000000 51384.307455
60.000000 49274.938499
61.000000 49016.590984
62.000000 50878.260879
63.000000 52187.321012
64.000000 51946.965762
65.000000 50386.262217
66.000000 47181.983852
67.000000 43537.054913
68.000000 41221.576707
69.000000 41530.371133
70.000000 44280.208309
71.000000 47999.370899
72.000000 50921.588070
73.000000 52035.589148
74.000000 52198.010626
75.000000 51370.973769
76.000000 53635.405558
77.000000 51677.448816
78.000000 52927.667693
79.000000 56023.082944
80.000000 57514.490237
81.000000 56417.527400
82.000000 56114.066977
83.000000 57315.440069
84.000000 57699.659142
85.000000 57574.044625
86.000000 57472.644194
87.000000 56579.639390
88.000000 54826.469895
89.000000 51928.935619
90.000000 47825.636905
91.000000 43421.196782
92.000000 39157.832346
93.000000 35398.395616
94.000000 31887.925444
95.000000 29181.145693
96.000000 27963.618338
97.000000 28929.435751
98.000000 31498.215657
99.000000 34946.321063
100.000000 38660.987175
101.000000 42894.952454
102.000000 47291.928739
103.000000 51398.028623
104.000000 54334.356310
105.000000 56153.197109
106.000000 84521.710176
107.000000 84503.201372
108.000000 84753.964947
109.000000 83358.917247
110.000000 82686.935922
111.000000 84179.873636
112.000000 82981.009173
113.000000 78818.369228
114.000000 77238.838529
115.000000 80539.520021
116.000000 83912.769911
117.000000 84313.164296
118.000000 82998.667006
119.000000 78940.830919
120.000000 72919.230989
121.000000 68657.065504
122.000000 69703.113505
123.000000 75088.725330
124.000000 80623.199646
125.000000 83568.258981
126.000000 83903.925094
127.000000 81501.546425
128.000000 80301.610299
129.000000 82681.245611
130.000000 84084.209144
131.000000 83869.584699
132.000000 83001.002199
133.000000 80285.712556
134.000000 75709.040359
135.000000 69689.203440
136.000000 70236.343887
137.000000 63373.376205
138.000000 60144.483297
139.000000 63324.618051
140.000000 70172.093405
141.000000 77482.278619
142.000000 83778.928802
143.000000 88505.236334
144.000000 91184.648320
145.000000 91771.025451
146.000000 91898.014560
147.000000 90425.795054
148.000000 87604.067645
149.000000 88920.926429
150.000000 91408.082280
151.000000 91133.227695
152.000000 88102.855625
153.000000 82410.908114
154.000000 76010.611220
155.000000 74525.138171
156.000000 79683.523636
157.000000 86136.438937
158.000000 90101.511465
159.000000 91385.211551
160.000000 90759.179947
161.000000 87372.851514
162.000000 83246.211183
163.000000 85107.745690
164.000000 89752.596800
165.000000 90820.876177
166.000000 97010.950522
167.000000 97752.576582
168.000000 99750.926447
169.000000 99445.737272
170.000000 99658.979519
171.000000 98604.591154
172.000000 96492.575032
173.000000 92830.742196
174.000000 87551.605790
175.000000 80536.700171
176.000000 72458.040847
177.000000 64218.475167
178.000000 55812.806312
179.000000 48315.961169
180.000000 45321.364128
181.000000 48295.036239
182.000000 55785.461054
183.000000 64192.880975
184.000000 72433.599324
185.000000 80524.558405
186.000000 87650.156142
187.000000 93015.340366
188.000000 96736.907658
189.000000 98918.291257
190.000000 99970.065031
191.000000 99870.627663
192.000000 99884.221710
193.000000 99664.763460
194.000000 96793.747923
195.000000 97540.161916
196.000000 107734.903602
197.000000 106459.114776
198.000000 101231.861846
199.000000 97854.448831
200.000000 101412.464650
201.000000 106550.073410
202.000000 108099.773543
203.000000 108179.082910
204.000000 107261.079157
205.000000 103371.657501
206.000000 96582.592739
207.000000 89556.638977
208.000000 87787.729760
209.000000 93183.109122
210.000000 100638.328658
211.000000 106061.514012
212.000000 108459.796090
213.000000 108885.213334
214.000000 107167.489698
215.000000 103192.525841
216.000000 103051.968238
217.000000 107188.315227
218.000000 108953.458514
219.000000 108395.856348
220.000000 109264.398997
221.000000 109020.983269
222.000000 107170.550916
223.000000 103279.033460
224.000000 97392.681549
225.000000 89908.543663
226.000000 72751.437956
227.000000 65862.495114
228.000000 62470.434861
229.000000 65153.855157
230.000000 71797.077003
231.000000 79380.516236
232.000000 86730.607913
233.000000 92850.958272
234.000000 97102.811597
235.000000 99346.877481
236.000000 100018.876361
237.000000 99433.278491
238.000000 99824.026508
239.000000 98562.040865
240.000000 94743.792737
241.000000 94245.066665
242.000000 97820.337273
243.000000 100022.974271
244.000000 99736.044113
245.000000 97650.093783
246.000000 92405.363143
247.000000 85637.467054
248.000000 80813.475116
249.000000 81497.799943
250.000000 87097.396876
251.000000 93824.920248
252.000000 98497.848777
253.000000 99802.386203
254.000000 99929.416385
255.000000 98816.002979
256.000000 86881.471623
257.000000 83766.370509
258.000000 85779.970662
259.000000 90493.553407
260.000000 92570.792276
261.000000 90737.854150
262.000000 90094.479767
263.000000 92124.142047
264.000000 92648.844150
265.000000 92512.141159
266.000000 92677.031996
267.000000 91755.547915
268.000000 89703.199829
269.000000 85862.289997
270.000000 79901.141194
271.000000 73006.014118
272.000000 65802.940712
273.000000 58925.262231
274.000000 51996.230172
275.000000 46283.620992
276.000000 43674.875043
277.000000 45742.884398
278.000000 51192.191031
279.000000 58057.995217
280.000000 64921.380503
281.000000 72143.173098
282.000000 79091.926574
283.000000 85113.710581
284.000000 89042.006985
285.000000 91212.761765
286.000000 113663.247975
287.000000 113391.303419
288.000000 113718.592912
289.000000 112030.613733
290.000000 111253.343106
291.000000 113136.435649
292.000000 111908.514399
293.000000 107087.313131
294.000000 105181.350506
295.000000 109112.892858
296.000000 112942.202729
297.000000 113294.511470
298.000000 112131.079941
299.000000 107756.435787
300.000000 100708.024423
301.000000 95345.457804
302.000000 96693.961305
303.000000 103303.954072
304.000000 109606.336264
305.000000 112635.433698
306.000000 112912.210026
307.000000 110051.725358
308.000000 108497.970554
309.000000 111439.990305
310.000000 113004.712423
311.000000 112823.679812
312.000000 112211.520430
313.000000 109533.582367
314.000000 104603.933032
315.000000 97595.593323
316.000000 103454.569203
317.000000 94408.540628
318.000000 89693.302712
319.000000 94318.252838
320.000000 103359.874496
321.000000 112035.570116
322.000000 118828.169130
323.000000 123433.016319
324.000000 125757.816704
325.000000 125945.758978
326.000000 126066.312721
327.000000 124586.237439
328.000000 121304.922146
329.000000 122946.476774
330.000000 125719.523396
331.000000 125574.599472
332.000000 122773.208775
333.000000 116774.521520
334.000000 109297.051018
335.000000 107418.551965
336.000000 113679.379725
337.000000 120778.919058
338.000000 124663.902347
339.000000 125646.416736
340.000000 125139.738207
341.000000 121622.519464
342.000000 116936.520641
343.000000 119087.782480
344.000000 124156.725653
345.000000 125143.805385
346.000000 73668.148167
347.000000 74276.266089
348.000000 75879.431180
349.000000 75645.261181
350.000000 75658.390528
351.000000 74555.001085
352.000000 72470.245958
353.000000 69104.437609
354.000000 64514.895010
355.000000 58765.177411
356.000000 52479.096698
357.000000 46423.539315
358.000000 40614.929397
359.000000 35759.626650
