0.000000 297.987914
1.000000 336.842100
2.000000 423.093724
3.000000 513.361834
4.000000 603.560293
5.000000 693.507260
6.000000 770.716019
7.000000 776.457617
8.000000 782.103873
9.000000 803.411054
10.000000 815.606462
11.000000 814.456060
12.000000 822.988037
13.000000 828.608276
14.000000 741.321775
15.000000 760.689258
16.000000 570.982211
17.000000 573.473978
18.000000 525.517098
19.000000 482.793971
20.000000 525.516100
21.000000 557.360796
22.000000 568.450929
23.000000 574.788661
24.000000 568.816331
25.000000 567.563031
26.000000 503.262989
27.000000 414.057155
28.000000 390.769976
29.000000 462.143736
30.000000 546.595427
31.000000 563.928826
32.000000 569.779120
33.000000 563.846146
34.000000 548.364590
35.000000 511.128713
36.000000 511.202106
37.000000 556.796474
38.000000 557.658079
39.000000 538.023438
40.000000 573.856137
41.000000 574.320368
42.000000 557.301415
43.000000 534.705845
44.000000 525.245684
45.000000 469.662833
46.000000 368.504488
47.000000 307.795702
48.000000 275.017411
49.000000 302.177979
50.000000 362.835606
51.000000 427.280639
52.000000 490.877943
53.000000 526.941131
54.000000 518.584720
55.000000 525.990155
56.000000 536.757546
57.000000 528.689775
58.000000 551.841621
59.000000 545.928760
60.000000 477.479824
61.000000 468.757891
62.000000 529.313339
63.000000 542.379705
64.000000 544.264982
65.000000 567.695098
66.000000 516.145244
67.000000 436.128096
68.000000 377.133791
69.000000 386.349412
70.000000 455.203721
71.000000 535.025906
72.000000 579.852542
73.000000 546.860327
74.000000 542.164162
75.000000 555.526624
76.000000 546.211637
77.000000 490.473137
78.000000 529.483098
79.000000 618.546350
80.000000 648.094310
81.000000 591.454022
82.000000 572.482898
83.000000 605.933260
84.000000 599.010204
85.000000 589.840963
86.000000 593.933838
87.000000 615.526504
88.000000 659.386327
89.000000 627.091654
90.000000 565.239449
91.000000 501.646874
92.000000 439.183101
93.000000 379.431317
94.000000 322.707315
95.000000 275.500886
96.000000 252.007937
97.000000 272.239030
98.000000 318.164962
99.000000 374.427798
100.000000 433.744710
101.000000 495.899985
102.000000 559.405138
103.000000 621.396864
104.000000 645.601683
105.000000 602.662917
106.000000 899.319961
107.000000 892.705735
108.000000 917.544180
109.000000 891.104026
110.000000 882.612150
111.000000 953.397168
112.000000 945.599677
113.000000 859.212033
114.000000 833.108495
115.000000 898.416418
116.000000 1009.236519
117.000000 1073.329477
118.000000 1017.312153
119.000000 913.696011
120.000000 817.894325
121.000000 767.500968
122.000000 780.322138
123.000000 852.038484
124.000000 956.214510
125.000000 1053.856387
126.000000 1119.094744
127.000000 1151.339697
128.000000 1167.621955
129.000000 1159.170639
130.000000 1146.106106
131.000000 1119.447595
132.000000 1072.616350
133.000000 1002.292009
134.000000 913.037640
135.000000 821.351242
136.000000 834.992702
137.000000 776.785433
138.000000 754.988337
139.000000 771.878826
140.000000 825.738255
141.000000 909.200310
142.000000 1005.629350
143.000000 1100.200461
144.000000 1174.946217
145.000000 1224.823545
146.000000 1253.263217
147.000000 1267.214956
148.000000 1276.221754
149.000000 1276.221754
150.000000 1276.221754
151.000000 1276.221754
152.000000 1276.221754
153.000000 1276.221754
154.000000 1276.221754
155.000000 1276.221754
156.000000 1276.221754
157.000000 1276.221754
158.000000 1276.221754
159.000000 1276.221754
160.000000 1276.221754
161.000000 1276.221754
162.000000 1276.221754
163.000000 1276.221754
164.000000 1276.221754
165.000000 1276.221754
166.000000 1379.227029
167.000000 1375.890553
168.000000 1369.075759
169.000000 1356.238150
170.000000 1333.954677
171.000000 1298.362617
172.000000 1246.191288
173.000000 1176.350457
174.000000 1091.579567
175.000000 999.083892
176.000000 909.109123
177.000000 839.120345
178.000000 782.279741
179.000000 747.737707
180.000000 736.226484
181.000000 747.737707
182.000000 782.279741
183.000000 839.120345
184.000000 909.109123
185.000000 999.083892
186.000000 1091.579567
187.000000 1176.350457
188.000000 1246.191288
189.000000 1298.362617
190.000000 1333.954677
191.000000 1356.238150
192.000000 1369.075759
193.000000 1375.890553
194.000000 1379.227029
195.000000 1381.737619
196.000000 1475.262466
197.000000 1475.262466
198.000000 1475.262466
199.000000 1475.262466
200.000000 1475.262466
201.000000 1475.262466
202.000000 1475.262466
203.000000 1475.262466
204.000000 1475.262466
205.000000 1475.262466
206.000000 1475.262466
207.000000 1475.262466
208.000000 1475.262466
209.000000 1475.262466
210.000000 1475.262466
211.000000 1475.262466
212.000000 1475.262466
213.000000 1475.262466
214.000000 1475.262466
215.000000 1475.262466
216.000000 1475.262466
217.000000 1475.262466
218.000000 1469.385723
219.000000 1460.256940
220.000000 1441.088080
221.000000 1405.673033
222.000000 1348.254452
223.000000 1267.148691
224.000000 1168.619645
225.000000 1067.439114
226.000000 862.441459
227.000000 809.582526
228.000000 790.944508
229.000000 807.874186
230.000000 859.163979
231.000000 939.448695
232.000000 1036.793445
233.000000 1134.436270
234.000000 1217.293987
235.000000 1277.705672
236.000000 1316.020419
237.000000 1337.325541
238.000000 1347.752067
239.000000 1354.772233
240.000000 1354.772233
241.000000 1354.772233
242.000000 1354.772233
243.000000 1354.772233
244.000000 1354.772233
245.000000 1354.772233
246.000000 1354.772233
247.000000 1354.772233
248.000000 1354.772233
249.000000 1354.772233
250.000000 1354.772233
251.000000 1354.772233
252.000000 1354.772233
253.000000 1354.772233
254.000000 1354.772233
255.000000 1354.772233
256.000000 1264.275718
257.000000 1264.275718
258.000000 1264.275718
259.000000 1264.275718
260.000000 1264.275718
261.000000 1264.275718
262.000000 1264.275718
263.000000 1257.999014
264.000000 1250.851628
265.000000 1237.548238
266.000000 1214.725279
267.000000 1178.707030
268.000000 1126.583913
269.000000 1057.766038
270.000000 975.442302
271.000000 886.904925
272.000000 801.908538
273.000000 736.512739
274.000000 683.639484
275.000000 651.425301
276.000000 640.230326
277.000000 649.929883
278.000000 680.639996
279.000000 732.083989
280.000000 796.227535
281.000000 880.594012
282.000000 969.213723
283.000000 1052.266918
284.000000 1122.206581
285.000000 1175.540884
286.000000 1481.998131
287.000000 1502.624317
288.000000 1514.300988
289.000000 1520.388846
290.000000 1523.312646
291.000000 1525.435747
292.000000 1525.435747
293.000000 1525.435747
294.000000 1525.435747
295.000000 1525.435747
296.000000 1525.435747
297.000000 1525.435747
298.000000 1525.435747
299.000000 1525.435747
300.000000 1525.435747
301.000000 1525.435747
302.000000 1525.435747
303.000000 1525.435747
304.000000 1525.435747
305.000000 1525.435747
306.000000 1525.435747
307.000000 1525.435747
308.000000 1525.435747
309.000000 1518.654249
310.000000 1507.245551
311.000000 1482.772670
312.000000 1437.614169
313.000000 1366.262241
314.000000 1270.901734
315.000000 1168.201900
316.000000 1266.437274
317.000000 1202.940883
318.000000 1181.566107
319.000000 1205.938771
320.000000 1271.891873
321.000000 1365.992985
322.000000 1465.522409
323.000000 1553.181172
324.000000 1615.481298
325.000000 1653.017843
326.000000 1672.420442
327.000000 1681.043539
328.000000 1685.797265
329.000000 1676.114099
330.000000 1652.837790
331.000000 1598.918951
332.000000 1506.603270
333.000000 1395.193370
334.000000 1311.431899
335.000000 1296.259146
336.000000 1357.083276
337.000000 1464.023438
338.000000 1567.273934
339.000000 1618.100753
340.000000 1556.362948
341.000000 1441.123003
342.000000 1367.062880
343.000000 1398.099307
344.000000 1496.363096
345.000000 1503.201022
346.000000 802.438096
347.000000 809.972878
348.000000 836.080148
349.000000 812.719228
350.000000 817.836773
351.000000 802.064042
352.000000 781.456999
353.000000 766.968279
354.000000 765.544756
355.000000 693.507260
356.000000 603.560293
357.000000 513.361834
358.000000 423.093724
359.000000 336.842100
