0.000000 50297.208908
1.000000 52128.331569
2.000000 56062.558137
3.000000 60006.890978
4.000000 63654.743541
5.000000 67160.966675
6.000000 70330.054086
7.000000 72799.079532
8.000000 74602.707750
9.000000 75751.219419
10.000000 76357.968458
11.000000 76434.322852
12.000000 76485.135453
13.000000 76354.730363
14.000000 75177.442446
15.000000 75475.604733
16.000000 65591.751595
17.000000 65066.909880
18.000000 63168.407644
19.000000 61959.853612
20.000000 63227.589228
21.000000 65119.045497
22.000000 65789.546263
23.000000 65821.071299
24.000000 65282.911363
25.000000 63717.363345
26.000000 61201.203257
27.000000 58648.520200
28.000000 58015.140432
29.000000 59956.551195
30.000000 62699.542797
31.000000 64785.261322
32.000000 65856.108026
33.000000 66100.722509
34.000000 65445.852020
35.000000 64081.704591
36.000000 64037.093069
37.000000 65506.542879
38.000000 66177.619472
39.000000 66071.886064
40.000000 66264.500080
41.000000 66008.007779
42.000000 65104.794195
43.000000 63459.189154
44.000000 61201.643880
45.000000 58458.388923
46.000000 53346.636145
47.000000 50671.552813
48.000000 49260.451891
49.000000 50379.932504
50.000000 52982.949433
51.000000 55814.758417
52.000000 58531.831237
53.000000 60827.647410
54.000000 62525.617276
55.000000 63522.027729
56.000000 63908.840889
57.000000 63821.682261
58.000000 63920.973824
59.000000 63443.365570
60.000000 62069.749826
61.000000 61894.635655
62.000000 63132.989530
63.000000 63940.582299
64.000000 63797.332851
65.000000 62889.337326
66.000000 60881.620191
67.000000 58353.389092
68.000000 56549.041043
69.000000 56802.565752
70.000000 58896.154503
71.000000 61411.445684
72.000000 63210.423513
73.000000 63845.310742
74.000000 63941.049958
75.000000 63462.955654
76.000000 64610.483869
77.000000 63347.955707
78.000000 64163.844883
79.000000 66052.111549
80.000000 66905.791799
81.000000 66253.852560
82.000000 66058.434501
83.000000 66775.156511
84.000000 66997.192122
85.000000 66915.244820
86.000000 66864.066737
87.000000 66355.331468
88.000000 65364.032819
89.000000 63719.643912
90.000000 61286.780128
91.000000 58501.579313
92.000000 55555.423641
93.000000 52667.694633
94.000000 49527.939557
95.000000 46582.398166
96.000000 45017.640189
97.000000 46272.417624
98.000000 49138.565078
99.000000 52292.041834
100.000000 55193.286929
101.000000 58153.234626
102.000000 60959.842562
103.000000 63408.647254
104.000000 65081.578108
105.000000 66109.154281
106.000000 80665.674440
107.000000 80706.084591
108.000000 80839.543899
109.000000 80160.248276
110.000000 79823.675296
111.000000 80554.122991
112.000000 79934.559263
113.000000 77810.007358
114.000000 76981.061471
115.000000 78697.484057
116.000000 80400.959980
117.000000 80602.569178
118.000000 79902.724063
119.000000 77825.421297
120.000000 74675.633224
121.000000 72342.766510
122.000000 72923.670290
123.000000 75826.585029
124.000000 78685.367131
125.000000 80198.504421
126.000000 80393.890229
127.000000 79199.448988
128.000000 78605.870798
129.000000 79790.552971
130.000000 80493.937992
131.000000 80367.141424
132.000000 79869.150664
133.000000 78444.451645
134.000000 76089.351438
135.000000 72945.060560
136.000000 73041.476364
137.000000 69247.010368
138.000000 67316.613959
139.000000 69217.394561
140.000000 73006.144294
141.000000 76850.811249
142.000000 80060.073088
143.000000 82486.567614
144.000000 83906.507086
145.000000 84280.057277
146.000000 84360.559092
147.000000 83624.949276
148.000000 82250.097137
149.000000 82876.337788
150.000000 84090.566936
151.000000 83920.561922
152.000000 82354.609122
153.000000 79467.390510
154.000000 76138.385454
155.000000 75341.863480
156.000000 78065.453278
157.000000 81353.435483
158.000000 83379.382786
159.000000 84077.834523
160.000000 83752.921103
161.000000 82056.048907
162.000000 79969.027297
163.000000 80918.413207
164.000000 83244.255800
165.000000 83796.321760
166.000000 86975.850396
167.000000 87342.743501
168.000000 88301.866645
169.000000 88146.901764
170.000000 88159.896481
171.000000 87533.817635
172.000000 86346.637644
173.000000 84397.141383
174.000000 81671.334144
175.000000 78125.912424
176.000000 74010.329179
177.000000 69658.386942
178.000000 65079.685677
179.000000 60442.594547
180.000000 58270.536849
181.000000 60428.864424
182.000000 65064.182396
183.000000 69644.535848
184.000000 73997.760113
185.000000 78120.391287
186.000000 81721.059113
187.000000 84489.783127
188.000000 86471.396135
189.000000 87695.898728
190.000000 88322.220094
191.000000 88364.808188
192.000000 88407.187460
193.000000 88280.561052
194.000000 86888.048643
195.000000 87243.213318
196.000000 92457.859281
197.000000 91763.797569
198.000000 89112.174856
199.000000 87415.816014
200.000000 89200.607324
201.000000 91816.561965
202.000000 92681.194696
203.000000 92723.418967
204.000000 92112.307156
205.000000 90041.707820
206.000000 86582.959768
207.000000 83030.704959
208.000000 82129.778602
209.000000 84863.773327
210.000000 88643.043654
211.000000 91457.905460
212.000000 92819.748116
213.000000 93096.328151
214.000000 92199.028731
215.000000 90224.133834
216.000000 90155.834314
217.000000 92234.406432
218.000000 93156.993459
219.000000 92931.484193
220.000000 93305.965718
221.000000 93076.508915
222.000000 91952.423058
223.000000 89833.732867
224.000000 86783.039786
225.000000 82981.548580
226.000000 74233.665215
227.000000 70457.508336
228.000000 68452.568393
229.000000 70049.997900
230.000000 73720.022013
231.000000 77706.685043
232.000000 81448.296497
233.000000 84571.061295
234.000000 86796.945709
235.000000 88033.800877
236.000000 88455.272517
237.000000 88230.827977
238.000000 88403.132811
239.000000 87760.729807
240.000000 85849.732727
241.000000 85601.712185
242.000000 87368.648690
243.000000 88477.332362
244.000000 88304.217421
245.000000 87169.704815
246.000000 84484.196923
247.000000 81037.876808
248.000000 78535.068517
249.000000 78894.225470
250.000000 81784.760850
251.000000 85206.474732
252.000000 87609.422384
253.000000 88359.662722
254.000000 88445.560190
255.000000 87847.887084
256.000000 81840.756765
257.000000 80243.533987
258.000000 81279.263320
259.000000 83663.187788
260.000000 84719.251037
261.000000 83842.775787
262.000000 83547.829918
263.000000 84521.879196
264.000000 84790.441444
265.000000 84704.326663
266.000000 84719.848008
267.000000 84178.357626
268.000000 83050.802570
269.000000 81041.831143
270.000000 77996.538194
271.000000 74461.565911
272.000000 70662.664830
273.000000 66930.236484
274.000000 62907.036595
275.000000 59103.735085
276.000000 57099.515713
277.000000 58706.896183
278.000000 62406.032051
279.000000 66447.418454
280.000000 70186.102819
281.000000 74014.445565
282.000000 77584.288104
283.000000 80654.427788
284.000000 82705.367684
285.000000 83889.856817
286.000000 95608.570535
287.000000 95571.792866
288.000000 95739.353492
289.000000 94904.213244
290.000000 94502.300167
291.000000 95408.449788
292.000000 94710.222678
293.000000 92241.693010
294.000000 91279.351132
295.000000 93270.278458
296.000000 95257.757276
297.000000 95480.692259
298.000000 94740.031298
299.000000 92368.038579
300.000000 88764.132615
301.000000 86063.118571
302.000000 86740.469605
303.000000 90080.866553
304.000000 93342.343637
305.000000 95053.156792
306.000000 95248.844939
307.000000 93811.405454
308.000000 93065.397252
309.000000 94514.230692
310.000000 95334.885068
311.000000 95221.067377
312.000000 94746.998813
313.000000 93155.018230
314.000000 90493.060430
315.000000 86893.304215
316.000000 89922.035499
317.000000 85386.988859
318.000000 83021.399526
319.000000 85343.018370
320.000000 89874.937794
321.000000 94352.824917
322.000000 98170.812146
323.000000 100957.384571
324.000000 102478.697403
325.000000 102741.577900
326.000000 102812.152080
327.000000 101949.469029
328.000000 100205.361604
329.000000 101044.682134
330.000000 102561.157925
331.000000 102427.604429
332.000000 100680.932271
333.000000 97261.006963
334.000000 93364.700308
335.000000 92420.149021
336.000000 95613.838151
337.000000 99509.602917
338.000000 101841.150238
339.000000 102541.784947
340.000000 102196.104454
341.000000 100180.286549
342.000000 97673.925369
343.000000 98807.504330
344.000000 101609.551311
345.000000 102226.031948
346.000000 75243.352850
347.000000 75555.473613
348.000000 76365.180131
349.000000 76242.494050
350.000000 76214.091046
351.000000 75605.032036
352.000000 74491.041611
353.000000 72718.259558
354.000000 70286.860451
355.000000 67165.064598
356.000000 63665.271764
357.000000 60018.312364
358.000000 56075.710108
359.000000 52139.229371
