0.000000 540.466649
1.000000 581.263252
2.000000 652.961984
3.000000 714.145221
4.000000 768.330539
5.000000 818.081520
6.000000 859.538405
7.000000 862.523150
8.000000 866.121370
9.000000 878.011570
10.000000 884.536118
11.000000 884.229397
12.000000 888.970646
13.000000 891.582912
14.000000 846.076652
15.000000 856.007286
16.000000 750.307832
17.000000 751.975434
18.000000 722.467627
19.000000 693.879155
20.000000 722.320682
21.000000 741.985228
22.000000 748.807537
23.000000 752.746833
24.000000 748.817424
25.000000 748.749938
26.000000 709.118406
27.000000 644.943350
28.000000 626.087374
29.000000 680.848526
30.000000 736.317624
31.000000 745.966327
32.000000 749.576564
33.000000 745.978824
34.000000 736.496122
35.000000 712.993944
36.000000 713.112359
37.000000 741.821566
38.000000 742.318559
39.000000 730.457613
40.000000 752.417338
41.000000 752.427096
42.000000 741.961716
43.000000 727.622948
44.000000 722.309173
45.000000 686.302502
46.000000 609.107270
47.000000 550.365010
48.000000 511.410660
49.000000 544.167837
50.000000 604.292653
51.000000 656.097518
52.000000 700.868953
53.000000 723.448665
54.000000 717.531213
55.000000 722.453232
56.000000 729.103454
57.000000 724.094984
58.000000 738.886583
59.000000 735.868227
60.000000 690.768699
61.000000 684.656415
62.000000 725.223617
63.000000 732.882544
64.000000 734.033738
65.000000 749.226782
66.000000 717.628180
67.000000 661.857601
68.000000 614.261239
69.000000 622.193698
70.000000 675.950484
71.000000 729.752885
72.000000 756.597941
73.000000 735.736224
74.000000 732.716957
75.000000 741.652446
76.000000 735.731678
77.000000 699.063502
78.000000 725.109066
79.000000 779.647202
80.000000 796.042322
81.000000 762.823269
82.000000 751.221127
83.000000 771.099614
84.000000 767.330414
85.000000 761.764765
86.000000 763.976561
87.000000 776.949995
88.000000 802.179429
89.000000 784.313353
90.000000 747.752325
91.000000 707.730401
92.000000 664.760992
93.000000 618.728433
94.000000 567.181833
95.000000 513.662177
96.000000 481.468451
97.000000 509.412244
98.000000 562.525069
99.000000 614.527024
100.000000 660.791366
101.000000 703.918711
102.000000 744.171468
103.000000 780.976431
104.000000 794.186243
105.000000 769.178398
106.000000 926.569684
107.000000 923.914760
108.000000 935.932146
109.000000 922.940821
110.000000 918.991880
111.000000 954.261654
112.000000 950.134320
113.000000 906.222187
114.000000 892.577613
115.000000 926.557390
116.000000 983.361835
117.000000 1015.903015
118.000000 987.069876
119.000000 933.500329
120.000000 883.273157
121.000000 856.237949
122.000000 863.171162
123.000000 901.311122
124.000000 955.535475
125.000000 1006.232604
126.000000 1040.852843
127.000000 1058.650631
128.000000 1068.326285
129.000000 1063.106191
130.000000 1055.575852
131.000000 1040.773203
132.000000 1015.558459
133.000000 978.505422
134.000000 931.826517
135.000000 883.411250
136.000000 887.288590
137.000000 855.807770
138.000000 843.789366
139.000000 853.114748
140.000000 882.334674
141.000000 926.498407
142.000000 976.598964
143.000000 1025.859637
144.000000 1065.532653
145.000000 1092.852470
146.000000 1109.046039
147.000000 1117.346153
148.000000 1123.138489
149.000000 1123.138489
150.000000 1123.138489
151.000000 1123.138489
152.000000 1123.138489
153.000000 1123.138489
154.000000 1123.138489
155.000000 1123.138489
156.000000 1123.138489
157.000000 1123.138489
158.000000 1123.138489
159.000000 1123.138489
160.000000 1123.138489
161.000000 1123.138489
162.000000 1123.138489
163.000000 1123.138489
164.000000 1123.138489
165.000000 1123.138489
166.000000 1176.137577
167.000000 1173.936827
168.000000 1169.607928
169.000000 1161.738388
170.000000 1148.539349
171.000000 1128.152969
172.000000 1099.220004
173.000000 1061.588655
174.000000 1016.879094
175.000000 968.551850
176.000000 921.290115
177.000000 884.132059
178.000000 853.024107
179.000000 833.662459
180.000000 827.115850
181.000000 833.662459
182.000000 853.024107
183.000000 884.132059
184.000000 921.290115
185.000000 968.551850
186.000000 1016.879094
187.000000 1061.588655
188.000000 1099.220004
189.000000 1128.152969
190.000000 1148.539349
191.000000 1161.738388
192.000000 1169.607928
193.000000 1173.936827
194.000000 1176.137577
195.000000 1177.913130
196.000000 1228.493284
197.000000 1228.493284
198.000000 1228.493284
199.000000 1228.493284
200.000000 1228.493284
201.000000 1228.493284
202.000000 1228.493284
203.000000 1228.493284
204.000000 1228.493284
205.000000 1228.493284
206.000000 1228.493284
207.000000 1228.493284
208.000000 1228.493284
209.000000 1228.493284
210.000000 1228.493284
211.000000 1228.493284
212.000000 1228.493284
213.000000 1228.493284
214.000000 1228.493284
215.000000 1228.493284
216.000000 1228.493284
217.000000 1228.493284
218.000000 1224.437825
219.000000 1218.558406
220.000000 1206.721579
221.000000 1185.760468
222.000000 1153.216689
223.000000 1109.113667
224.000000 1057.278911
225.000000 1004.989881
226.000000 898.943010
227.000000 870.493912
228.000000 860.302317
229.000000 869.563660
230.000000 897.195843
231.000000 939.529779
232.000000 990.124587
233.000000 1040.967721
234.000000 1084.951927
235.000000 1118.058472
236.000000 1139.880026
237.000000 1152.532334
238.000000 1159.007048
239.000000 1163.722543
240.000000 1163.722543
241.000000 1163.722543
242.000000 1163.722543
243.000000 1163.722543
244.000000 1163.722543
245.000000 1163.722543
246.000000 1163.722543
247.000000 1163.722543
248.000000 1163.722543
249.000000 1163.722543
250.000000 1163.722543
251.000000 1163.722543
252.000000 1163.722543
253.000000 1163.722543
254.000000 1163.722543
255.000000 1163.722543
256.000000 1117.047920
257.000000 1117.047920
258.000000 1117.047920
259.000000 1117.047920
260.000000 1117.047920
261.000000 1117.047920
262.000000 1117.047920
263.000000 1112.947257
264.000000 1108.583346
265.000000 1100.732083
266.000000 1087.680412
267.000000 1067.671513
268.000000 1039.445208
269.000000 1002.900652
270.000000 959.612985
271.000000 912.882872
272.000000 867.154039
273.000000 831.133845
274.000000 800.791675
275.000000 781.696784
276.000000 774.931331
277.000000 780.797192
278.000000 799.035311
279.000000 828.632980
280.000000 864.048491
281.000000 909.525877
282.000000 956.339641
283.000000 1000.001159
284.000000 1037.101442
285.000000 1065.936479
286.000000 1228.736938
287.000000 1241.596527
288.000000 1249.120380
289.000000 1253.170369
290.000000 1255.179438
291.000000 1256.724229
292.000000 1256.724229
293.000000 1256.724229
294.000000 1256.724229
295.000000 1256.724229
296.000000 1256.724229
297.000000 1256.724229
298.000000 1256.724229
299.000000 1256.724229
300.000000 1256.724229
301.000000 1256.724229
302.000000 1256.724229
303.000000 1256.724229
304.000000 1256.724229
305.000000 1256.724229
306.000000 1256.724229
307.000000 1256.724229
308.000000 1256.724229
309.000000 1252.005087
310.000000 1244.586146
311.000000 1229.365136
312.000000 1202.565515
313.000000 1162.248533
314.000000 1110.770315
315.000000 1057.199976
316.000000 1107.026874
317.000000 1073.895969
318.000000 1062.809946
319.000000 1075.452832
320.000000 1109.892059
321.000000 1160.041502
322.000000 1215.215075
323.000000 1266.790091
324.000000 1305.954701
325.000000 1331.046118
326.000000 1344.697212
327.000000 1351.030230
328.000000 1354.727335
329.000000 1347.409065
330.000000 1331.055977
331.000000 1295.683586
332.000000 1239.812974
333.000000 1177.241953
334.000000 1132.382267
335.000000 1124.393615
336.000000 1156.653603
337.000000 1215.404101
338.000000 1275.927464
339.000000 1307.589835
340.000000 1269.665188
341.000000 1203.362500
342.000000 1163.058999
343.000000 1179.774695
344.000000 1234.008055
345.000000 1238.052066
346.000000 878.331507
347.000000 881.940853
348.000000 895.136418
349.000000 883.532814
350.000000 885.739459
351.000000 877.302192
352.000000 865.855335
353.000000 857.533952
354.000000 856.678064
355.000000 818.081520
356.000000 768.330539
357.000000 714.145221
358.000000 652.961984
359.000000 581.263252
