0.000000 50293.592692
1.000000 52166.536682
2.000000 56262.115878
3.000000 60363.190395
4.000000 64142.881451
5.000000 67752.201274
6.000000 70909.589273
7.000000 73336.881836
8.000000 75082.243879
9.000000 76163.409809
10.000000 76715.548160
11.000000 76744.436419
12.000000 76774.152213
13.000000 76654.101045
14.000000 75446.772232
15.000000 75753.040962
16.000000 65780.806602
17.000000 65255.498082
18.000000 63340.600246
19.000000 62129.887829
20.000000 63401.188339
21.000000 65303.929714
22.000000 65972.178404
23.000000 66005.308068
24.000000 65491.304995
25.000000 63919.773697
26.000000 61380.659927
27.000000 58817.743654
28.000000 58181.019565
29.000000 60131.017212
30.000000 62889.648289
31.000000 64990.493084
32.000000 66050.216569
33.000000 66280.240727
34.000000 65617.839564
35.000000 64232.370699
36.000000 64186.327405
37.000000 65666.488730
38.000000 66345.909780
39.000000 66227.476142
40.000000 66442.236307
41.000000 66216.964590
42.000000 65338.840617
43.000000 63695.048864
44.000000 61409.649489
45.000000 58622.239916
46.000000 53386.175795
47.000000 50661.208025
48.000000 49235.261145
49.000000 50365.600672
50.000000 53014.349451
51.000000 55911.456651
52.000000 58676.771036
53.000000 61006.148141
54.000000 62712.581976
55.000000 63699.515387
56.000000 64069.057335
57.000000 63960.181549
58.000000 64062.433590
59.000000 63577.431195
60.000000 62197.417453
61.000000 62020.433706
62.000000 63274.144862
63.000000 64090.534587
64.000000 63954.668109
65.000000 63053.096051
66.000000 61034.639785
67.000000 58499.123263
68.000000 56690.693870
69.000000 56944.908703
70.000000 59042.149141
71.000000 61567.073348
72.000000 63375.886457
73.000000 63998.261423
74.000000 64088.528565
75.000000 63610.107003
76.000000 64784.635644
77.000000 63523.715672
78.000000 64338.077313
79.000000 66229.679609
80.000000 67083.172548
81.000000 66411.903419
82.000000 66201.596538
83.000000 66943.928960
84.000000 67163.901964
85.000000 67091.960700
86.000000 67072.572019
87.000000 66601.976480
88.000000 65648.650473
89.000000 63999.574868
90.000000 61531.535417
91.000000 58689.056189
92.000000 55666.199899
93.000000 52665.791578
94.000000 49410.873101
95.000000 46397.750595
96.000000 44832.565695
97.000000 46085.639061
98.000000 49009.548521
99.000000 52275.226788
100.000000 55290.519631
101.000000 58332.317984
102.000000 61198.875049
103.000000 63687.610340
104.000000 65368.474687
105.000000 66363.345000
106.000000 81029.074797
107.000000 81015.252359
108.000000 81146.125050
109.000000 80441.893160
110.000000 80101.099205
111.000000 80860.617065
112.000000 80261.668192
113.000000 78142.347848
114.000000 77319.418455
115.000000 79026.124911
116.000000 80729.369114
117.000000 80923.452481
118.000000 80272.863294
119.000000 78234.243871
120.000000 75122.499718
121.000000 72811.405053
122.000000 73390.762041
123.000000 76258.907431
124.000000 79083.133744
125.000000 80554.099344
126.000000 80722.272409
127.000000 79504.926122
128.000000 78883.761865
129.000000 80104.265992
130.000000 80808.999936
131.000000 80699.428897
132.000000 80270.361946
133.000000 78915.730653
134.000000 76610.253476
135.000000 73499.826272
136.000000 73737.251144
137.000000 69924.511543
138.000000 67967.214680
139.000000 69894.249272
140.000000 73702.038845
141.000000 77506.434435
142.000000 80678.074294
143.000000 83032.756166
144.000000 84370.133746
145.000000 84668.905711
146.000000 84734.816517
147.000000 84004.350434
148.000000 82590.271347
149.000000 83251.655636
150.000000 84489.058364
151.000000 84348.477111
152.000000 82838.673119
153.000000 79989.828555
154.000000 76696.806159
155.000000 75905.944460
156.000000 78603.300348
157.000000 81858.900173
158.000000 83833.775783
159.000000 84476.644154
160.000000 84165.191179
161.000000 82478.886921
162.000000 80394.603863
163.000000 81340.374337
164.000000 83666.464909
165.000000 84198.585800
166.000000 87363.406073
167.000000 87734.628618
168.000000 88725.193615
169.000000 88571.274936
170.000000 88663.183069
171.000000 88117.546678
172.000000 87040.741376
173.000000 85200.827236
174.000000 82571.177738
175.000000 79073.166297
176.000000 74977.258464
177.000000 70634.108443
178.000000 65870.171804
179.000000 61049.620254
180.000000 58801.308888
181.000000 61035.259742
182.000000 65853.885371
183.000000 70620.217177
184.000000 74964.661978
185.000000 79067.081863
186.000000 82620.295711
187.000000 85292.712855
188.000000 87162.953029
189.000000 88275.055457
190.000000 88820.054301
191.000000 88786.510877
192.000000 88796.641706
193.000000 88686.839817
194.000000 87260.741528
195.000000 87628.473153
196.000000 92859.925657
197.000000 92201.218072
198.000000 89576.077422
199.000000 87894.133630
200.000000 89666.107697
201.000000 92248.200332
202.000000 93052.938947
203.000000 93096.187571
204.000000 92594.161384
205.000000 90606.145454
206.000000 87211.636415
207.000000 83702.519662
208.000000 82806.173257
209.000000 85519.367349
210.000000 89233.386607
211.000000 91973.525352
212.000000 93226.719523
213.000000 93458.819646
214.000000 92584.871888
215.000000 90601.367174
216.000000 90531.357437
217.000000 92602.391717
218.000000 93502.869658
219.000000 93239.669292
220.000000 93660.936676
221.000000 93509.398570
222.000000 92527.860178
223.000000 90527.421284
224.000000 87566.467824
225.000000 83840.652003
226.000000 75047.047024
227.000000 71251.588259
228.000000 69213.702483
229.000000 70837.631672
230.000000 74538.487696
231.000000 78482.032523
232.000000 82177.010505
233.000000 85222.700552
234.000000 87349.153389
235.000000 88488.012859
236.000000 88839.982068
237.000000 88559.919926
238.000000 88748.593861
239.000000 88118.280748
240.000000 86217.591229
241.000000 85968.510093
242.000000 87745.390815
243.000000 88841.320577
244.000000 88692.797185
245.000000 87635.581386
246.000000 85022.369788
247.000000 81638.392379
248.000000 79166.655338
249.000000 79522.384263
250.000000 82373.185402
251.000000 85728.369178
252.000000 88060.761221
253.000000 88730.225458
254.000000 88796.614430
255.000000 88234.136473
256.000000 82228.448609
257.000000 80648.036661
258.000000 81672.839782
259.000000 84033.997688
260.000000 85067.744281
261.000000 84157.335409
262.000000 83837.136279
263.000000 84849.466361
264.000000 85108.115166
265.000000 85038.058484
266.000000 85113.967138
267.000000 84648.805211
268.000000 83623.218383
269.000000 81713.055902
270.000000 78738.258651
271.000000 75246.189795
272.000000 71480.108727
273.000000 67686.111585
274.000000 63523.108272
275.000000 59607.492173
276.000000 57545.585577
277.000000 59198.547263
278.000000 63005.947287
279.000000 67187.839321
280.000000 71007.016493
281.000000 74802.876783
282.000000 78332.131704
283.000000 81340.528210
284.000000 83293.907961
285.000000 84377.550024
286.000000 95993.030203
287.000000 95884.995312
288.000000 96048.389548
289.000000 95192.288431
290.000000 94792.461040
291.000000 95734.466494
292.000000 95087.408272
293.000000 92639.612113
294.000000 91686.016619
295.000000 93659.681100
296.000000 95616.161218
297.000000 95816.441373
298.000000 95172.278508
299.000000 92907.397605
300.000000 89364.935669
301.000000 86692.411147
302.000000 87365.748075
303.000000 90661.235332
304.000000 93855.314398
305.000000 95449.584955
306.000000 95607.361497
307.000000 94161.613078
308.000000 93392.077247
309.000000 94867.990539
310.000000 95670.273402
311.000000 95574.266686
312.000000 95210.964100
313.000000 93785.289279
314.000000 91244.569340
315.000000 87722.284587
316.000000 90959.965819
317.000000 86443.981391
318.000000 84058.307322
319.000000 86398.907735
320.000000 90912.254284
321.000000 95320.301182
322.000000 98917.854343
323.000000 101488.560448
324.000000 102862.765972
325.000000 103046.087614
326.000000 103110.758558
327.000000 102283.157382
328.000000 100543.459041
329.000000 101393.499369
330.000000 102887.324723
331.000000 102781.760254
332.000000 101160.635493
333.000000 97920.955940
334.000000 94086.274487
335.000000 93142.775927
336.000000 96313.980217
337.000000 100058.816880
338.000000 102239.339700
339.000000 102854.255324
340.000000 102540.392968
341.000000 100602.538940
342.000000 98140.890906
343.000000 99257.928849
344.000000 101986.811601
345.000000 102558.833645
346.000000 75523.260639
347.000000 75841.190593
348.000000 76677.318176
349.000000 76554.438022
350.000000 76573.367706
351.000000 76020.334577
352.000000 74971.730957
353.000000 73256.240900
354.000000 70866.977374
355.000000 67757.102334
356.000000 64153.850035
357.000000 60375.120625
358.000000 56275.828660
359.000000 52177.742885
