0.000000 534.505887
1.000000 576.637144
2.000000 652.523132
3.000000 717.339696
4.000000 774.029684
5.000000 825.733719
6.000000 867.624199
7.000000 870.670603
8.000000 873.658430
9.000000 884.865979
10.000000 891.235783
11.000000 890.636236
12.000000 895.076462
13.000000 897.993550
14.000000 851.890648
15.000000 862.283791
16.000000 754.238057
17.000000 755.776210
18.000000 725.355564
19.000000 696.530266
20.000000 725.354911
21.000000 745.752195
22.000000 752.671115
23.000000 756.586046
24.000000 752.897586
25.000000 752.120417
26.000000 710.572565
27.000000 645.375952
28.000000 626.220153
29.000000 681.870095
30.000000 738.948289
31.000000 749.860572
32.000000 753.493862
33.000000 749.809050
34.000000 740.072580
35.000000 715.851940
36.000000 715.900913
37.000000 745.397723
38.000000 745.938834
39.000000 733.465345
40.000000 756.011739
41.000000 756.297715
42.000000 745.714907
43.000000 731.327084
44.000000 725.178052
45.000000 687.269763
46.000000 606.751121
47.000000 545.783622
48.000000 506.099353
49.000000 539.382420
50.000000 601.586439
51.000000 655.785345
52.000000 702.130756
53.000000 726.285838
54.000000 720.800737
55.000000 725.664796
56.000000 732.650537
57.000000 727.425716
58.000000 742.275091
59.000000 738.523986
60.000000 692.807631
61.000000 686.623754
62.000000 727.831547
63.000000 736.259205
64.000000 737.463526
65.000000 752.202363
66.000000 719.187378
67.000000 662.581650
68.000000 614.444680
69.000000 622.451489
70.000000 676.819654
71.000000 731.533773
72.000000 759.694494
73.000000 739.116788
74.000000 736.121332
75.000000 744.599210
76.000000 738.704067
77.000000 701.852055
78.000000 727.941971
79.000000 782.919610
80.000000 800.101117
81.000000 766.753006
82.000000 755.164933
83.000000 775.445820
84.000000 771.305080
85.000000 765.776711
86.000000 768.250759
87.000000 781.138247
88.000000 806.556497
89.000000 787.933950
90.000000 750.676636
91.000000 709.480134
92.000000 664.898959
93.000000 616.460455
94.000000 562.064585
95.000000 506.727789
96.000000 474.660614
97.000000 502.461794
98.000000 557.209403
99.000000 612.053243
100.000000 660.763456
101.000000 705.573485
102.000000 747.034344
103.000000 784.596571
104.000000 798.668261
105.000000 773.493297
106.000000 934.241124
107.000000 930.881668
108.000000 943.470143
109.000000 930.067295
110.000000 925.743995
111.000000 961.525459
112.000000 957.608793
113.000000 913.777540
114.000000 900.324987
115.000000 933.782527
116.000000 989.449697
117.000000 1021.347507
118.000000 993.474569
119.000000 941.524550
120.000000 892.427336
121.000000 865.914675
122.000000 872.716432
123.000000 910.092166
124.000000 962.939372
125.000000 1011.663757
126.000000 1044.115232
127.000000 1060.190501
128.000000 1068.326285
129.000000 1064.101571
130.000000 1057.578382
131.000000 1044.290935
132.000000 1020.992902
133.000000 985.986413
134.000000 941.191520
135.000000 894.225760
136.000000 901.300025
137.000000 870.844288
138.000000 859.235427
139.000000 868.241840
140.000000 896.504674
141.000000 939.249468
142.000000 987.651038
143.000000 1034.711467
144.000000 1071.991086
145.000000 1097.054288
146.000000 1111.449191
147.000000 1118.544754
148.000000 1123.138489
149.000000 1123.138489
150.000000 1123.138489
151.000000 1123.138489
152.000000 1123.138489
153.000000 1123.138489
154.000000 1123.138489
155.000000 1123.138489
156.000000 1123.138489
157.000000 1123.138489
158.000000 1123.138489
159.000000 1123.138489
160.000000 1123.138489
161.000000 1123.138489
162.000000 1123.138489
163.000000 1123.138489
164.000000 1123.138489
165.000000 1123.138489
166.000000 1176.585456
167.000000 1174.823147
168.000000 1171.230987
169.000000 1164.490171
170.000000 1152.865540
171.000000 1134.478310
172.000000 1107.861423
173.000000 1072.694110
174.000000 1030.423169
175.000000 984.385758
176.000000 939.203298
177.000000 903.433735
178.000000 873.751369
179.000000 855.345397
180.000000 849.138367
181.000000 855.345397
182.000000 873.751369
183.000000 903.433735
184.000000 939.203298
185.000000 984.385758
186.000000 1030.423169
187.000000 1072.694110
188.000000 1107.861423
189.000000 1134.478310
190.000000 1152.865540
191.000000 1164.490171
192.000000 1171.230987
193.000000 1174.823147
194.000000 1176.585456
195.000000 1177.913130
196.000000 1228.493284
197.000000 1228.493284
198.000000 1228.493284
199.000000 1228.493284
200.000000 1228.493284
201.000000 1228.493284
202.000000 1228.493284
203.000000 1228.493284
204.000000 1228.493284
205.000000 1228.493284
206.000000 1228.493284
207.000000 1228.493284
208.000000 1228.493284
209.000000 1228.493284
210.000000 1228.493284
211.000000 1228.493284
212.000000 1228.493284
213.000000 1228.493284
214.000000 1228.493284
215.000000 1228.493284
216.000000 1228.493284
217.000000 1228.493284
218.000000 1225.242504
219.000000 1220.214143
220.000000 1209.736187
221.000000 1190.642534
222.000000 1160.314555
223.000000 1118.510996
224.000000 1068.825297
225.000000 1018.418491
226.000000 915.433943
227.000000 888.093310
228.000000 878.321241
229.000000 887.200755
230.000000 913.752880
231.000000 954.515445
232.000000 1003.174955
233.000000 1051.758378
234.000000 1093.257091
235.000000 1123.896361
236.000000 1143.574529
237.000000 1154.618111
238.000000 1160.052208
239.000000 1163.722543
240.000000 1163.722543
241.000000 1163.722543
242.000000 1163.722543
243.000000 1163.722543
244.000000 1163.722543
245.000000 1163.722543
246.000000 1163.722543
247.000000 1163.722543
248.000000 1163.722543
249.000000 1163.722543
250.000000 1163.722543
251.000000 1163.722543
252.000000 1163.722543
253.000000 1163.722543
254.000000 1163.722543
255.000000 1163.722543
256.000000 1117.047920
257.000000 1117.047920
258.000000 1117.047920
259.000000 1117.047920
260.000000 1117.047920
261.000000 1117.047920
262.000000 1117.047920
263.000000 1113.855055
264.000000 1110.225082
265.000000 1103.484217
266.000000 1091.962900
267.000000 1073.874209
268.000000 1047.845320
269.000000 1013.608195
270.000000 972.573106
271.000000 927.930702
272.000000 884.079009
273.000000 849.293198
274.000000 820.235588
275.000000 802.011389
276.000000 795.570606
277.000000 801.154422
278.000000 818.556870
279.000000 846.894960
280.000000 881.098997
281.000000 924.715095
282.000000 969.455278
283.000000 1010.873195
284.000000 1045.664910
285.000000 1072.288786
286.000000 1232.232786
287.000000 1243.778404
288.000000 1250.380870
289.000000 1253.843204
290.000000 1255.511059
291.000000 1256.724229
292.000000 1256.724229
293.000000 1256.724229
294.000000 1256.724229
295.000000 1256.724229
296.000000 1256.724229
297.000000 1256.724229
298.000000 1256.724229
299.000000 1256.724229
300.000000 1256.724229
301.000000 1256.724229
302.000000 1256.724229
303.000000 1256.724229
304.000000 1256.724229
305.000000 1256.724229
306.000000 1256.724229
307.000000 1256.724229
308.000000 1256.724229
309.000000 1252.855264
310.000000 1246.385509
311.000000 1232.663742
312.000000 1207.848527
313.000000 1169.750784
314.000000 1120.423840
315.000000 1068.616347
316.000000 1118.148606
317.000000 1086.033125
318.000000 1075.306452
319.000000 1087.540485
320.000000 1120.928796
321.000000 1169.609212
322.000000 1223.111369
323.000000 1272.745350
324.000000 1310.001763
325.000000 1333.471431
326.000000 1345.959886
327.000000 1351.596271
328.000000 1354.727335
329.000000 1348.367477
330.000000 1333.356744
331.000000 1299.906164
332.000000 1246.022701
333.000000 1185.052892
334.000000 1141.206060
335.000000 1133.397939
336.000000 1164.932915
337.000000 1222.285727
338.000000 1281.008955
339.000000 1311.612308
340.000000 1274.603329
341.000000 1209.755180
342.000000 1170.171836
343.000000 1186.600256
344.000000 1240.258192
345.000000 1244.103339
346.000000 884.356431
347.000000 888.297171
348.000000 901.862460
349.000000 889.730550
350.000000 892.397375
351.000000 884.160480
352.000000 873.316519
353.000000 865.631173
354.000000 864.873197
355.000000 825.733719
356.000000 774.029684
357.000000 717.339696
358.000000 652.523132
359.000000 576.637144
