0.000000 32207.286209
1.000000 35140.157308
2.000000 41946.098000
3.000000 49052.094698
4.000000 55760.581423
5.000000 62257.716497
6.000000 67953.847901
7.000000 72367.445280
8.000000 75592.620700
9.000000 77641.272613
10.000000 78714.306430
11.000000 78834.883348
12.000000 78931.988236
13.000000 78692.388237
14.000000 76549.235358
15.000000 77102.251125
16.000000 59286.090272
17.000000 58320.139234
18.000000 54822.958970
19.000000 52620.716495
20.000000 54931.802420
21.000000 58417.139538
22.000000 59654.366986
23.000000 59715.598509
24.000000 58738.747738
25.000000 55852.554111
26.000000 51240.573916
27.000000 46658.007659
28.000000 45545.916579
29.000000 48989.200571
30.000000 53979.662869
31.000000 57822.754777
32.000000 59792.837711
33.000000 60232.222547
34.000000 59017.105481
35.000000 56503.193074
36.000000 56421.366619
37.000000 59126.555464
38.000000 60369.545673
39.000000 60172.204100
40.000000 60537.129502
41.000000 60086.222924
42.000000 58441.616418
43.000000 55407.365793
44.000000 51258.663760
45.000000 46286.214982
46.000000 37293.016599
47.000000 32931.854397
48.000000 30807.491449
49.000000 32478.967721
50.000000 36680.298595
51.000000 41558.949715
52.000000 46397.085383
53.000000 50568.111875
54.000000 53683.421600
55.000000 55515.072119
56.000000 56219.964008
57.000000 56049.143063
58.000000 56225.466651
59.000000 55341.710191
60.000000 52833.024431
61.000000 52515.732838
62.000000 54773.095342
63.000000 56263.249261
64.000000 56005.004444
65.000000 54332.499870
66.000000 50655.437522
67.000000 46108.789163
68.000000 42956.968228
69.000000 43392.675795
70.000000 47073.729834
71.000000 51621.585696
72.000000 54923.211357
73.000000 56091.181763
74.000000 56262.685184
75.000000 55375.491464
76.000000 57462.177099
77.000000 55147.968631
78.000000 56640.374764
79.000000 60127.175041
80.000000 61703.350116
81.000000 60484.908548
82.000000 60119.403312
83.000000 61448.834948
84.000000 61868.090316
85.000000 61726.078554
86.000000 61650.315092
87.000000 60740.443464
88.000000 58946.650470
89.000000 55920.598741
90.000000 51443.342200
91.000000 46362.393537
92.000000 41090.686101
93.000000 36034.454472
94.000000 30815.264879
95.000000 26343.819525
96.000000 24244.469052
97.000000 25910.408404
98.000000 30196.190475
99.000000 35392.707932
100.000000 40447.477925
101.000000 45732.865083
102.000000 50843.561390
103.000000 55346.591562
104.000000 58424.908874
105.000000 60290.300785
106.000000 88058.244744
107.000000 88011.921361
108.000000 88187.444988
109.000000 86749.142261
110.000000 86354.204454
111.000000 90429.109441
112.000000 89362.420217
113.000000 86438.496049
114.000000 85407.567608
115.000000 87583.882109
116.000000 89199.973912
117.000000 89699.556143
118.000000 88509.272991
119.000000 84998.507374
120.000000 80490.644616
121.000000 77409.222146
122.000000 78170.337138
123.000000 82069.182556
124.000000 86406.190001
125.000000 88987.462382
126.000000 89243.964969
127.000000 87099.515148
128.000000 87508.527642
129.000000 86857.613922
130.000000 88247.744869
131.000000 87846.401989
132.000000 87205.849657
133.000000 84932.665034
134.000000 81097.683547
135.000000 75991.380648
136.000000 77019.648411
137.000000 71264.886479
138.000000 68374.715369
139.000000 71190.766747
140.000000 76928.031928
141.000000 82856.139322
142.000000 95549.189965
143.000000 97491.409702
144.000000 98142.145838
145.000000 97649.485452
146.000000 97709.548100
147.000000 95703.283362
148.000000 93610.888581
149.000000 94633.796092
150.000000 97905.479141
151.000000 97847.972512
152.000000 97183.372026
153.000000 88078.268703
154.000000 83392.915803
155.000000 82296.066057
156.000000 86037.374661
157.000000 92866.366692
158.000000 97913.071429
159.000000 97831.603259
160.000000 98144.910931
161.000000 92977.437345
162.000000 90154.994088
163.000000 91393.741321
164.000000 97836.562387
165.000000 98186.028925
166.000000 103586.511414
167.000000 104036.227797
168.000000 105253.252899
169.000000 104800.145852
170.000000 105325.069768
171.000000 105140.010743
172.000000 104830.106457
173.000000 103976.853730
174.000000 102542.118620
175.000000 100328.202709
176.000000 97571.984485
177.000000 69642.665476
178.000000 61912.152100
179.000000 54314.421685
180.000000 50931.168874
181.000000 54292.545513
182.000000 61885.906832
183.000000 69619.006901
184.000000 97563.587048
185.000000 100324.308853
186.000000 102606.325641
187.000000 104074.339989
188.000000 104942.722731
189.000000 105310.593252
190.000000 105423.627607
191.000000 105061.648678
192.000000 105024.149055
193.000000 105227.756897
194.000000 103424.309288
195.000000 103944.885098
196.000000 111628.448461
197.000000 111207.175486
198.000000 108726.286432
199.000000 106953.948084
200.000000 108826.353461
201.000000 111243.784204
202.000000 111578.680148
203.000000 111565.781903
204.000000 111684.117656
205.000000 110365.281852
206.000000 107585.062358
207.000000 104332.066846
208.000000 103376.374134
209.000000 106091.515399
210.000000 109269.200770
211.000000 111336.168635
212.000000 111905.115022
213.000000 111951.090745
214.000000 111334.383190
215.000000 109197.703618
216.000000 109112.702209
217.000000 111289.538773
218.000000 112001.975749
219.000000 111369.926627
220.000000 112104.046637
221.000000 112206.316976
222.000000 111890.800457
223.000000 110802.224404
224.000000 108851.314713
225.000000 106185.043500
226.000000 79470.260202
227.000000 73787.904933
228.000000 70802.442848
229.000000 73165.266776
230.000000 78685.005200
231.000000 97027.549016
232.000000 100619.297507
233.000000 102773.579422
234.000000 104039.157491
235.000000 104471.429514
236.000000 104501.039114
237.000000 103827.055039
238.000000 104310.153971
239.000000 103878.282155
240.000000 101794.684537
241.000000 101502.846068
242.000000 103538.069876
243.000000 104492.782257
244.000000 104429.006926
245.000000 104022.510607
246.000000 101934.013817
247.000000 96010.650934
248.000000 88561.541518
249.000000 89008.882561
250.000000 99578.800559
251.000000 102537.953209
252.000000 104329.393984
253.000000 104348.464456
254.000000 104313.766691
255.000000 104196.252062
256.000000 93293.648057
257.000000 91367.118303
258.000000 92602.072962
259.000000 97697.840381
260.000000 98601.158265
261.000000 97200.217478
262.000000 96703.212330
263.000000 98114.592486
264.000000 98217.646155
265.000000 98088.022979
266.000000 98507.733755
267.000000 98283.308984
268.000000 98286.518551
269.000000 97354.284832
270.000000 83410.882406
271.000000 77685.477693
272.000000 71523.520578
273.000000 65366.110083
274.000000 58773.547600
275.000000 52864.977853
276.000000 49893.157029
277.000000 52266.547735
278.000000 57975.205223
279.000000 64569.933642
280.000000 70758.588554
281.000000 76965.708261
282.000000 82752.023690
283.000000 97100.993688
284.000000 98063.519138
285.000000 98077.474056
286.000000 115623.313754
287.000000 115146.348932
288.000000 115500.054811
289.000000 114457.956119
290.000000 114028.918941
291.000000 115329.543255
292.000000 114933.231342
293.000000 112531.213862
294.000000 111540.091948
295.000000 113560.130696
296.000000 115360.806079
297.000000 115298.444461
298.000000 115229.370294
299.000000 113623.072215
300.000000 110598.603047
301.000000 107994.960473
302.000000 108692.953148
303.000000 111741.179388
304.000000 114348.887093
305.000000 115269.125762
306.000000 115295.211084
307.000000 113772.660239
308.000000 112822.453771
309.000000 114540.671633
310.000000 115188.579295
311.000000 115052.713883
312.000000 115251.241689
313.000000 114592.964664
314.000000 113039.084227
315.000000 110559.676585
316.000000 118479.141459
317.000000 114887.492011
318.000000 112525.217993
319.000000 114847.260214
320.000000 118445.647668
321.000000 121490.948196
322.000000 123788.790777
323.000000 125224.231085
324.000000 125802.096121
325.000000 125506.517510
326.000000 125637.463731
327.000000 125059.462720
328.000000 123250.584862
329.000000 124214.230192
330.000000 125609.548371
331.000000 125611.369879
332.000000 124760.572551
333.000000 122419.625753
334.000000 119188.650883
335.000000 118269.624100
336.000000 121137.417164
337.000000 124017.344219
338.000000 125378.216005
339.000000 125413.244228
340.000000 125404.152068
341.000000 123898.766368
342.000000 121561.127132
343.000000 122651.043772
344.000000 125056.387054
345.000000 125368.820018
346.000000 76676.832596
347.000000 77240.636358
348.000000 78709.969420
349.000000 78490.860561
350.000000 78454.534616
351.000000 77373.743127
352.000000 75389.411326
353.000000 72220.217511
354.000000 67872.188019
355.000000 62264.475406
356.000000 55779.987161
357.000000 49072.841095
358.000000 41969.443966
359.000000 35157.849985
