0.000000 254.117928
1.000000 317.911623
2.000000 440.617596
3.000000 550.108876
4.000000 649.288463
5.000000 741.205708
6.000000 814.459256
7.000000 816.987611
8.000000 823.731199
9.000000 845.502856
10.000000 856.485199
11.000000 855.304962
12.000000 864.149029
13.000000 870.135524
14.000000 787.654016
15.000000 805.563142
16.000000 612.924376
17.000000 616.155190
18.000000 562.130638
19.000000 510.184678
20.000000 561.895281
21.000000 597.841613
22.000000 610.346642
23.000000 617.357418
24.000000 610.276530
25.000000 610.694733
26.000000 538.768955
27.000000 424.443567
28.000000 391.806123
29.000000 487.918569
30.000000 588.079716
31.000000 605.184057
32.000000 611.849186
33.000000 605.323507
34.000000 587.837334
35.000000 544.766502
36.000000 544.944570
37.000000 597.538528
38.000000 598.407503
39.000000 576.523327
40.000000 617.002571
41.000000 617.296640
42.000000 598.476744
43.000000 572.057214
44.000000 562.781712
45.000000 498.085587
46.000000 363.051939
47.000000 268.755951
48.000000 212.628583
49.000000 259.396723
50.000000 354.925845
51.000000 444.108687
52.000000 523.852547
53.000000 564.557164
54.000000 553.404665
55.000000 562.387286
56.000000 574.551480
57.000000 564.876601
58.000000 592.025719
59.000000 586.805978
60.000000 504.803772
61.000000 493.818168
62.000000 567.345492
63.000000 581.005979
64.000000 583.024842
65.000000 611.422137
66.000000 553.867297
67.000000 454.003866
68.000000 371.695220
69.000000 385.126703
70.000000 478.941188
71.000000 575.946948
72.000000 624.932310
73.000000 586.037296
74.000000 580.534654
75.000000 597.403480
76.000000 586.420246
77.000000 519.481776
78.000000 566.937245
79.000000 667.514773
80.000000 696.907349
81.000000 634.651506
82.000000 613.229117
83.000000 650.068853
84.000000 643.255088
85.000000 633.135541
86.000000 637.329378
87.000000 661.467808
88.000000 709.472341
89.000000 677.093584
90.000000 609.824568
91.000000 536.920314
92.000000 460.156669
93.000000 379.833660
94.000000 294.930128
95.000000 215.569593
96.000000 174.504653
97.000000 209.853643
98.000000 287.627667
99.000000 372.697471
100.000000 453.113676
101.000000 530.038879
102.000000 603.260937
103.000000 670.949440
104.000000 694.537270
105.000000 647.217131
106.000000 987.603680
107.000000 933.859149
108.000000 946.547205
109.000000 923.254049
110.000000 916.379634
111.000000 1111.228583
112.000000 1108.829579
113.000000 1057.246288
114.000000 1042.340206
115.000000 1079.136714
116.000000 1136.475279
117.000000 1166.776993
118.000000 1143.112846
119.000000 1095.380453
120.000000 1045.961397
121.000000 1018.893014
122.000000 1025.806203
123.000000 1063.993359
124.000000 1115.796020
125.000000 1157.137250
126.000000 1178.248169
127.000000 1185.322155
128.000000 1187.150505
129.000000 1186.376989
130.000000 1184.312726
131.000000 1178.514008
132.000000 1165.280855
133.000000 1140.843316
134.000000 1104.557533
135.000000 1062.342187
136.000000 1112.767055
137.000000 1085.631905
138.000000 1075.544386
139.000000 1083.354076
140.000000 1108.453123
141.000000 1146.982048
142.000000 1189.845403
143.000000 1227.656095
144.000000 1253.699410
145.000000 1268.105712
146.000000 1274.549041
147.000000 1276.887855
148.000000 1277.784380
149.000000 1277.784380
150.000000 1277.784380
151.000000 1277.784380
152.000000 1277.784380
153.000000 1277.784380
154.000000 1277.784380
155.000000 1277.784380
156.000000 1277.784380
157.000000 1277.784380
158.000000 1277.784380
159.000000 1277.784380
160.000000 1277.784380
161.000000 1277.784380
162.000000 1277.784380
163.000000 1277.784380
164.000000 1277.784380
165.000000 1277.784380
166.000000 1364.172488
167.000000 1363.732614
168.000000 1362.620363
169.000000 1360.089437
170.000000 1354.915034
171.000000 1345.424533
172.000000 1329.834865
173.000000 1306.953952
174.000000 1277.059780
175.000000 1242.483780
176.000000 1207.348010
177.000000 1177.755128
178.000000 1154.623036
179.000000 1140.667577
180.000000 1136.062738
181.000000 1140.667577
182.000000 1154.623036
183.000000 1177.755128
184.000000 1207.348010
185.000000 1242.483780
186.000000 1277.059780
187.000000 1306.953952
188.000000 1329.834865
189.000000 1345.424533
190.000000 1354.915034
191.000000 1360.089437
192.000000 1362.620363
193.000000 1363.732614
194.000000 1364.172488
195.000000 1364.399620
196.000000 1440.555464
197.000000 1440.555464
198.000000 1440.555464
199.000000 1440.555464
200.000000 1440.555464
201.000000 1440.555464
202.000000 1440.555464
203.000000 1440.555464
204.000000 1440.555464
205.000000 1440.555464
206.000000 1440.555464
207.000000 1440.555464
208.000000 1440.555464
209.000000 1440.555464
210.000000 1440.555464
211.000000 1440.555464
212.000000 1440.555464
213.000000 1440.555464
214.000000 1440.555464
215.000000 1440.555464
216.000000 1440.555464
217.000000 1440.555464
218.000000 1439.928450
219.000000 1438.400216
220.000000 1434.239431
221.000000 1424.739492
222.000000 1406.586619
223.000000 1377.660471
224.000000 1339.502618
225.000000 1298.365719
226.000000 1162.656804
227.000000 1139.660514
228.000000 1131.650111
229.000000 1138.923174
230.000000 1161.225134
231.000000 1196.187636
232.000000 1237.420049
233.000000 1276.295120
234.000000 1306.242883
235.000000 1325.329736
236.000000 1335.468716
237.000000 1339.975767
238.000000 1341.656538
239.000000 1342.360891
240.000000 1342.360891
241.000000 1342.360891
242.000000 1342.360891
243.000000 1342.360891
244.000000 1342.360891
245.000000 1342.360891
246.000000 1342.360891
247.000000 1342.360891
248.000000 1342.360891
249.000000 1342.360891
250.000000 1342.360891
251.000000 1342.360891
252.000000 1342.360891
253.000000 1342.360891
254.000000 1342.360891
255.000000 1342.360891
256.000000 1267.901748
257.000000 1267.901748
258.000000 1267.901748
259.000000 1267.901748
260.000000 1267.901748
261.000000 1267.901748
262.000000 1267.901748
263.000000 1267.235438
264.000000 1266.126142
265.000000 1263.603022
266.000000 1258.445241
267.000000 1248.985286
268.000000 1233.446991
269.000000 1210.647585
270.000000 1180.871806
271.000000 1146.440572
272.000000 1111.435591
273.000000 1081.889660
274.000000 1058.706013
275.000000 1044.585134
276.000000 1039.709998
277.000000 1043.932521
278.000000 1057.388248
279.000000 1079.955882
280.000000 1109.036882
281.000000 1143.902765
282.000000 1178.525568
283.000000 1208.735958
284.000000 1232.065666
285.000000 1248.096040
286.000000 1472.112709
287.000000 1477.170948
288.000000 1479.640438
289.000000 1480.723253
290.000000 1481.150285
291.000000 1481.369611
292.000000 1481.369611
293.000000 1481.369611
294.000000 1481.369611
295.000000 1481.369611
296.000000 1481.369611
297.000000 1481.369611
298.000000 1481.369611
299.000000 1481.369611
300.000000 1481.369611
301.000000 1481.369611
302.000000 1481.369611
303.000000 1481.369611
304.000000 1481.369611
305.000000 1481.369611
306.000000 1481.369611
307.000000 1481.369611
308.000000 1481.369611
309.000000 1480.596814
310.000000 1478.517805
311.000000 1472.664589
312.000000 1459.302466
313.000000 1434.633453
314.000000 1398.030552
315.000000 1355.608608
316.000000 1456.819959
317.000000 1431.757901
318.000000 1423.540726
319.000000 1432.920984
320.000000 1459.006203
321.000000 1497.120739
322.000000 1537.624405
323.000000 1571.591956
324.000000 1593.885675
325.000000 1605.663125
326.000000 1610.698840
327.000000 1612.444269
328.000000 1613.072168
329.000000 1611.631724
330.000000 1605.673820
331.000000 1587.012339
332.000000 1548.779870
333.000000 1498.924553
334.000000 1461.272149
335.000000 1454.571270
336.000000 1481.700875
337.000000 1529.953366
338.000000 1574.682907
339.000000 1595.935903
340.000000 1567.834477
341.000000 1512.933057
342.000000 1476.781080
343.000000 1491.914005
344.000000 1542.592691
345.000000 1544.582995
346.000000 843.939050
347.000000 850.410628
348.000000 874.620457
349.000000 854.165604
350.000000 858.743106
351.000000 844.187889
352.000000 823.599959
353.000000 808.012585
354.000000 808.930991
355.000000 741.205708
356.000000 649.288463
357.000000 550.108876
358.000000 440.617596
359.000000 317.911623
