0.000000 33164.161354
1.000000 34890.805653
2.000000 39531.917206
3.000000 45227.134510
4.000000 51282.594442
5.000000 57669.449893
6.000000 63651.959747
7.000000 68489.498443
8.000000 72077.999054
9.000000 74368.152510
10.000000 75570.781287
11.000000 75715.231860
12.000000 75798.831047
13.000000 75536.965100
14.000000 73260.788787
15.000000 73820.954355
16.000000 54894.625403
17.000000 53954.075656
18.000000 50851.580257
19.000000 49036.886839
20.000000 50943.390246
21.000000 54046.294345
22.000000 55251.631965
23.000000 55307.343468
24.000000 54280.391931
25.000000 51533.171130
26.000000 47500.545274
27.000000 43893.301597
28.000000 43081.537418
29.000000 45676.691900
30.000000 49846.716676
31.000000 53377.569035
32.000000 55328.093530
33.000000 55793.208716
34.000000 54667.075215
35.000000 52508.749034
36.000000 52440.448760
37.000000 54791.811649
38.000000 55950.182684
39.000000 55824.222322
40.000000 56085.282112
41.000000 55565.286671
42.000000 53888.158165
43.000000 50958.220562
44.000000 47182.268547
45.000000 43000.075023
46.000000 36042.459878
47.000000 33257.359556
48.000000 32014.146294
49.000000 32986.269234
50.000000 35630.067679
51.000000 39086.364742
52.000000 42892.579806
53.000000 46468.761039
54.000000 49330.286846
55.000000 51117.237477
56.000000 51864.289975
57.000000 51811.703470
58.000000 51926.729465
59.000000 51135.929468
60.000000 49041.276001
61.000000 48787.504262
62.000000 50613.969182
63.000000 51919.341980
64.000000 51652.714402
65.000000 50034.072613
66.000000 46790.140130
67.000000 43144.657259
68.000000 40852.564588
69.000000 41156.958596
70.000000 43885.014500
71.000000 47612.308320
72.000000 50579.161932
73.000000 51757.491023
74.000000 51940.421194
75.000000 51094.773026
76.000000 53333.294784
77.000000 51382.652805
78.000000 52627.744279
79.000000 55719.887793
80.000000 57231.901363
81.000000 56180.733542
82.000000 55909.583361
83.000000 57058.732088
84.000000 57438.777375
85.000000 57288.036661
86.000000 57117.829238
87.000000 56137.745815
88.000000 54273.013662
89.000000 51266.504973
90.000000 47081.503994
91.000000 42641.257766
92.000000 38389.439938
93.000000 34694.644644
94.000000 31290.607319
95.000000 28696.582669
96.000000 27530.614069
97.000000 28455.900106
98.000000 30915.731492
99.000000 34253.753353
100.000000 37897.760341
101.000000 42114.104808
102.000000 46540.921995
103.000000 50722.147213
104.000000 53766.394307
105.000000 55695.133591
106.000000 84222.696048
107.000000 84264.245533
108.000000 84524.229680
109.000000 83152.155339
110.000000 82480.947573
111.000000 83941.703026
112.000000 82703.173130
113.000000 78520.061742
114.000000 76936.809965
115.000000 80247.284941
116.000000 83648.118551
117.000000 84060.538381
118.000000 82674.680976
119.000000 78512.346792
120.000000 72414.479188
121.000000 68141.173346
122.000000 69185.932140
123.000000 74604.926229
124.000000 80232.479186
125.000000 83269.587045
126.000000 83638.138905
127.000000 81240.451492
128.000000 80062.141600
129.000000 82417.255574
130.000000 83833.093824
131.000000 83599.466659
132.000000 82642.295114
133.000000 79802.518683
134.000000 75077.362808
135.000000 68915.515996
136.000000 69347.136830
137.000000 62460.110569
138.000000 59277.162211
139.000000 62412.077271
140.000000 69282.287547
141.000000 76727.718419
142.000000 83193.012166
143.000000 88077.870170
144.000000 90877.659966
145.000000 91536.996265
146.000000 91675.108667
147.000000 90180.966683
148.000000 87369.846753
149.000000 88669.413266
150.000000 91162.983138
151.000000 90859.888572
152.000000 87733.036115
153.000000 81922.460105
154.000000 75461.147187
155.000000 73975.027680
156.000000 79158.913616
157.000000 85717.219985
158.000000 89795.414989
159.000000 91147.808346
160.000000 90501.785890
161.000000 87064.508975
162.000000 82919.606917
163.000000 84787.344123
164.000000 89471.775645
165.000000 90575.931342
166.000000 96835.968633
167.000000 97579.369566
168.000000 99583.543138
169.000000 99288.064206
170.000000 99461.388034
171.000000 98335.698102
172.000000 96103.026947
173.000000 92269.279724
174.000000 86753.790482
175.000000 79460.344026
176.000000 71114.329382
177.000000 62689.138272
178.000000 54253.579072
179.000000 46951.562340
180.000000 44126.862256
181.000000 46931.536682
182.000000 54226.419263
183.000000 62663.119660
184.000000 71089.096965
185.000000 79447.164748
186.000000 86851.080487
187.000000 92456.207541
188.000000 96350.859293
189.000000 98652.563326
190.000000 99776.073283
191.000000 99717.169608
192.000000 99739.489668
193.000000 99496.781515
194.000000 96623.856475
195.000000 97366.212307
196.000000 107629.728165
197.000000 106319.364627
198.000000 101027.813303
199.000000 97631.505337
200.000000 101208.962915
201.000000 106411.721721
202.000000 108008.240047
203.000000 108087.163383
204.000000 107117.356190
205.000000 103120.651522
206.000000 96191.717540
207.000000 89084.463320
208.000000 87308.993566
209.000000 92743.157660
210.000000 100326.002001
211.000000 105878.510223
212.000000 108351.446484
213.000000 108796.043958
214.000000 107047.353673
215.000000 103048.076625
216.000000 102907.697111
217.000000 107070.760524
218.000000 108865.230257
219.000000 108318.883128
220.000000 109176.546131
221.000000 108905.524584
222.000000 106982.558510
223.000000 102961.671584
224.000000 96889.303225
225.000000 89183.676722
226.000000 71782.732987
227.000000 64877.365485
228.000000 61539.583714
229.000000 64176.429138
230.000000 70818.059137
231.000000 78533.918761
232.000000 86076.670607
233.000000 92387.789685
234.000000 96792.691680
235.000000 99137.213583
236.000000 99862.141512
237.000000 99306.551515
238.000000 99684.475593
239.000000 98395.491308
240.000000 94556.363709
241.000000 94057.291470
242.000000 97642.891666
243.000000 99876.738761
244.000000 99571.334332
245.000000 97404.842547
246.000000 92038.405463
247.000000 85170.966428
248.000000 80320.775481
249.000000 81006.381472
250.000000 86647.401427
251.000000 93485.381710
252.000000 98274.913599
253.000000 99651.001164
254.000000 99794.057073
255.000000 98639.938606
256.000000 86610.143710
257.000000 83481.806124
258.000000 85503.022935
259.000000 90252.406702
260.000000 92370.553967
261.000000 90565.650836
262.000000 89940.982616
263.000000 91948.963020
264.000000 92476.884977
265.000000 92324.624497
266.000000 92441.396622
267.000000 91445.188244
268.000000 89266.335493
269.000000 85239.979183
270.000000 79057.209551
271.000000 71943.689778
272.000000 64554.332224
273.000000 57585.357669
274.000000 50683.919029
275.000000 45140.585790
276.000000 42655.208747
277.000000 44623.119918
278.000000 49894.447240
279.000000 56713.469657
280.000000 63654.605822
281.000000 71055.780970
282.000000 78220.494691
283.000000 84464.692472
284.000000 88583.459687
285.000000 90884.932454
286.000000 113604.939742
287.000000 113353.141145
288.000000 113686.709838
289.000000 112002.935076
290.000000 111222.956298
291.000000 113094.609170
292.000000 111836.732920
293.000000 106982.094971
294.000000 105069.017139
295.000000 109018.390565
296.000000 112888.614003
297.000000 113249.700503
298.000000 112045.364266
299.000000 107572.734710
300.000000 100420.183598
301.000000 95018.112934
302.000000 96372.962943
303.000000 103048.803175
304.000000 109463.039021
305.000000 112566.681395
306.000000 112857.407788
307.000000 109976.374302
308.000000 108420.996242
309.000000 111370.785751
310.000000 112955.941858
311.000000 112770.084880
312.000000 112116.713562
313.000000 109353.313351
314.000000 104274.775025
315.000000 97058.216046
316.000000 102967.541763
317.000000 93753.472578
318.000000 89018.668804
319.000000 93661.957654
320.000000 102869.904259
321.000000 111777.739298
322.000000 118751.325555
323.000000 123456.392798
324.000000 125820.216360
325.000000 126012.938207
326.000000 126134.035582
327.000000 124640.512654
328.000000 121342.947002
329.000000 122991.880982
330.000000 125787.246610
331.000000 125640.261664
332.000000 122797.270582
333.000000 116698.063002
334.000000 109137.427771
335.000000 107247.790491
336.000000 113560.715902
337.000000 120768.602169
338.000000 124722.736588
339.000000 125720.957867
340.000000 125208.900073
341.000000 121652.070676
342.000000 116944.582240
343.000000 119102.418833
344.000000 124213.302711
345.000000 125217.325278
346.000000 73379.650095
347.000000 73983.833479
348.000000 75568.044834
349.000000 75338.263087
350.000000 75285.940043
351.000000 74084.636428
352.000000 71860.543230
353.000000 68334.949816
354.000000 63574.404776
355.000000 57678.637491
356.000000 51301.118739
357.000000 45245.014116
358.000000 39549.088106
359.000000 34901.493189
