0.000000 289.608018
1.000000 325.771011
2.000000 407.743591
3.000000 496.027148
4.000000 586.304004
5.000000 677.687100
6.000000 756.984972
7.000000 765.398537
8.000000 772.125595
9.000000 794.904569
10.000000 808.314138
11.000000 808.070874
12.000000 816.963160
13.000000 820.789042
14.000000 733.340978
15.000000 752.280959
16.000000 563.481082
17.000000 565.634555
18.000000 517.933606
19.000000 475.660247
20.000000 517.716894
21.000000 549.488847
22.000000 561.310531
23.000000 567.910356
24.000000 561.197869
25.000000 558.882889
26.000000 494.359726
27.000000 405.745268
28.000000 382.967210
29.000000 453.236583
30.000000 537.813677
31.000000 555.937266
32.000000 562.399799
33.000000 556.391597
34.000000 540.390413
35.000000 503.865279
36.000000 504.091887
37.000000 548.860707
38.000000 549.948935
39.000000 531.138669
40.000000 566.453905
41.000000 566.848746
42.000000 548.763479
43.000000 525.373841
44.000000 515.057642
45.000000 459.496630
46.000000 360.539033
47.000000 301.701353
48.000000 270.258808
49.000000 296.335375
50.000000 355.046637
51.000000 418.483824
52.000000 481.923889
53.000000 518.297107
54.000000 511.077449
55.000000 519.061949
56.000000 530.300607
57.000000 523.162360
58.000000 545.799117
59.000000 539.046342
60.000000 471.052881
61.000000 462.471676
62.000000 522.318746
63.000000 536.133646
64.000000 538.265467
65.000000 560.524860
66.000000 508.438012
67.000000 428.371534
68.000000 370.223920
69.000000 379.252713
70.000000 447.353880
71.000000 527.445248
72.000000 572.891776
73.000000 541.166875
74.000000 536.370329
75.000000 548.584411
76.000000 538.575107
77.000000 483.214646
78.000000 521.997853
79.000000 611.188614
80.000000 641.435670
81.000000 585.723645
82.000000 566.828151
83.000000 599.408794
84.000000 592.934038
85.000000 583.566936
86.000000 587.242953
87.000000 608.835216
88.000000 650.936850
89.000000 617.443721
90.000000 554.356523
91.000000 490.267126
92.000000 428.042438
93.000000 369.380018
94.000000 314.722092
95.000000 269.922442
96.000000 247.527823
97.000000 266.811988
98.000000 310.372751
99.000000 364.513127
100.000000 422.663341
101.000000 484.511642
102.000000 548.448027
103.000000 611.571849
104.000000 637.059492
105.000000 595.765448
106.000000 893.000669
107.000000 887.083939
108.000000 911.750010
109.000000 885.811677
110.000000 877.677905
111.000000 948.118705
112.000000 940.170660
113.000000 853.781583
114.000000 827.577805
115.000000 893.181307
116.000000 1004.796862
117.000000 1069.393327
118.000000 1012.648300
119.000000 907.884592
120.000000 811.412679
121.000000 760.776619
122.000000 773.654152
123.000000 845.759047
124.000000 950.825581
125.000000 1049.905810
126.000000 1116.753502
127.000000 1150.254832
128.000000 1167.621955
129.000000 1158.480887
130.000000 1144.696765
131.000000 1116.936295
132.000000 1068.690612
133.000000 996.858232
134.000000 906.281622
135.000000 813.716585
136.000000 828.125590
137.000000 769.562542
138.000000 747.637809
139.000000 764.627048
140.000000 818.812478
141.000000 902.847443
142.000000 1000.082053
143.000000 1095.789286
144.000000 1171.784462
145.000000 1222.810885
146.000000 1252.137282
147.000000 1266.665580
148.000000 1276.221754
149.000000 1276.221754
150.000000 1276.221754
151.000000 1276.221754
152.000000 1276.221754
153.000000 1276.221754
154.000000 1276.221754
155.000000 1276.221754
156.000000 1276.221754
157.000000 1276.221754
158.000000 1276.221754
159.000000 1276.221754
160.000000 1276.221754
161.000000 1276.221754
162.000000 1276.221754
163.000000 1276.221754
164.000000 1276.221754
165.000000 1276.221754
166.000000 1379.100275
167.000000 1375.634771
168.000000 1368.598168
169.000000 1355.411833
170.000000 1332.626617
171.000000 1296.373411
172.000000 1243.404697
173.000000 1172.686560
174.000000 1087.039782
175.000000 993.753105
176.000000 903.129264
177.000000 832.776363
178.000000 775.601885
179.000000 740.860017
180.000000 729.281720
181.000000 740.860017
182.000000 775.601885
183.000000 832.776363
184.000000 903.129264
185.000000 993.753105
186.000000 1087.039782
187.000000 1172.686560
188.000000 1243.404697
189.000000 1296.373411
190.000000 1332.626617
191.000000 1355.411833
192.000000 1368.598168
193.000000 1375.634771
194.000000 1379.100275
195.000000 1381.737619
196.000000 1475.262466
197.000000 1475.262466
198.000000 1475.262466
199.000000 1475.262466
200.000000 1475.262466
201.000000 1475.262466
202.000000 1475.262466
203.000000 1475.262466
204.000000 1475.262466
205.000000 1475.262466
206.000000 1475.262466
207.000000 1475.262466
208.000000 1475.262466
209.000000 1475.262466
210.000000 1475.262466
211.000000 1475.262466
212.000000 1475.262466
213.000000 1475.262466
214.000000 1475.262466
215.000000 1475.262466
216.000000 1475.262466
217.000000 1475.262466
218.000000 1469.258121
219.000000 1459.987832
220.000000 1440.584487
221.000000 1404.830755
222.000000 1346.984234
223.000000 1265.404971
224.000000 1166.416622
225.000000 1064.842165
226.000000 856.430260
227.000000 803.264512
228.000000 784.519020
229.000000 801.546333
230.000000 853.133484
231.000000 933.912590
232.000000 1031.956026
233.000000 1130.481324
234.000000 1214.317584
235.000000 1275.669224
236.000000 1314.765547
237.000000 1336.634466
238.000000 1347.413946
239.000000 1354.772233
240.000000 1354.772233
241.000000 1354.772233
242.000000 1354.772233
243.000000 1354.772233
244.000000 1354.772233
245.000000 1354.772233
246.000000 1354.772233
247.000000 1354.772233
248.000000 1354.772233
249.000000 1354.772233
250.000000 1354.772233
251.000000 1354.772233
252.000000 1354.772233
253.000000 1354.772233
254.000000 1354.772233
255.000000 1354.772233
256.000000 1264.275718
257.000000 1264.275718
258.000000 1264.275718
259.000000 1264.275718
260.000000 1264.275718
261.000000 1264.275718
262.000000 1264.275718
263.000000 1257.567288
264.000000 1250.057979
265.000000 1236.195807
266.000000 1212.585171
267.000000 1175.554436
268.000000 1122.247875
269.000000 1052.178956
270.000000 968.667732
271.000000 879.123259
272.000000 793.360564
273.000000 727.595083
274.000000 674.381716
275.000000 641.972210
276.000000 630.710169
277.000000 640.467826
278.000000 671.363782
279.000000 723.136532
280.000000 787.634176
281.000000 872.749324
282.000000 962.360088
283.000000 1046.591288
284.000000 1117.781911
285.000000 1172.308428
286.000000 1481.732386
287.000000 1502.462703
288.000000 1514.209658
289.000000 1520.341053
290.000000 1523.289535
291.000000 1525.435747
292.000000 1525.435747
293.000000 1525.435747
294.000000 1525.435747
295.000000 1525.435747
296.000000 1525.435747
297.000000 1525.435747
298.000000 1525.435747
299.000000 1525.435747
300.000000 1525.435747
301.000000 1525.435747
302.000000 1525.435747
303.000000 1525.435747
304.000000 1525.435747
305.000000 1525.435747
306.000000 1525.435747
307.000000 1525.435747
308.000000 1525.435747
309.000000 1518.592970
310.000000 1507.112226
311.000000 1482.520173
312.000000 1437.193354
313.000000 1365.637284
314.000000 1270.063526
315.000000 1167.182438
316.000000 1270.983535
317.000000 1207.987629
318.000000 1186.785675
319.000000 1210.961518
320.000000 1276.395578
321.000000 1369.755266
322.000000 1468.457698
323.000000 1555.249087
324.000000 1616.798289
325.000000 1653.766914
326.000000 1672.795503
327.000000 1681.206596
328.000000 1685.797265
329.000000 1676.397935
330.000000 1653.553924
331.000000 1600.329096
332.000000 1508.858639
333.000000 1398.238855
334.000000 1315.006979
335.000000 1299.928642
336.000000 1360.372813
337.000000 1466.599554
338.000000 1569.024314
339.000000 1619.407952
340.000000 1558.086186
341.000000 1443.562296
342.000000 1369.890726
343.000000 1400.769684
344.000000 1498.648533
345.000000 1505.401996
346.000000 796.991984
347.000000 804.140824
348.000000 829.694762
349.000000 806.549845
350.000000 810.574247
351.000000 793.548256
352.000000 771.295930
353.000000 755.827820
354.000000 751.868242
355.000000 677.687100
356.000000 586.304004
357.000000 496.027148
358.000000 407.743591
359.000000 325.771011
