33736.948108
35553.748078
40233.617857
45774.710284
51578.839435
57689.415697
63424.975231
68108.598755
71643.131565
73942.651776
75172.294406
75356.489623
75464.460797
75203.535431
72982.130188
73530.736996
54869.019235
53953.283363
50890.865725
49081.398255
50982.378890
54045.444329
55221.013784
55278.508200
54281.005952
51607.210046
47652.155466
44063.976360
43248.748794
45844.539376
49959.394972
53407.994887
55309.975071
55763.258243
54658.215909
52519.085491
52451.020105
54786.261964
55922.429142
55795.106584
56057.589869
55552.528848
53924.469030
51080.051258
47416.135404
43341.747115
36463.012989
33649.830268
32370.292005
33372.191771
36050.968273
39476.736787
43201.263548
46675.298690
49446.813505
51173.485185
51888.275523
51821.292770
51939.208639
51163.380549
49077.819246
48824.179392
50645.904490
51933.630007
51678.418053
50105.917713
46930.872646
43320.587431
41022.949234
41329.512911
44058.324998
47740.046748
50637.308569
51775.970489
51948.874200
51123.457242
53328.055671
51381.813367
52625.042685
55696.236907
57181.969633
56129.363899
55859.423555
56999.600999
57383.320770
57238.114807
57075.659963
56121.296188
54315.955710
51423.603329
47386.744782
43093.022406
38966.833482
35336.710492
31922.933755
29240.915080
28020.225983
28989.195300
31540.098384
34899.344895
38487.138984
42582.498253
46864.080372
50894.830716
53819.913158
55684.853730
83741.117875
83847.237914
84106.095129
82770.859055
82109.224491
83532.241665
82287.300805
78131.935283
76551.717505
79850.662167
83215.410888
83631.911815
82207.849800
78067.145409
72018.328534
67768.434518
68807.057538
74193.020787
79769.684565
82809.638835
83206.533390
80862.169000
79729.854287
82019.581973
83416.205463
83161.331928
82136.640719
79266.121789
74588.406539
68567.214820
68903.155448
62167.991930
59026.216812
62120.304396
68839.665614
76109.679858
82467.725010
87353.487197
90228.685966
90987.114744
91146.572272
89660.889721
86924.157805
88165.326782
90602.823314
90260.155688
87097.387754
81326.910575
74916.751368
73442.636291
78586.886587
85084.943758
89167.587045
90581.481143
89923.878433
86512.001797
82395.284770
84254.248400
88893.557014
90010.376798
96240.682638
96973.146263
98924.551568
98639.109774
98714.388483
97469.732473
95083.235907
91131.095821
85604.775735
78474.066010
70432.907414
62421.238160
54408.584417
47309.496924
44449.298807
47289.908635
54382.779798
62396.862781
70409.035979
78462.875059
85703.662357
91317.354581
95333.819690
97793.300316
99036.438067
99070.823905
99131.636615
98861.058304
96048.570946
96771.668039
106917.513112
105563.738160
100241.970827
96829.036200
100419.859978
105667.938330
107346.851502
107426.050109
106317.226064
102202.413565
95223.200664
88113.759584
86348.224498
91764.852158
99383.796169
105032.383253
107650.308399
108154.777475
106370.441466
102387.914531
102250.775769
106423.043755
108248.741815
107762.276240
108547.913251
108171.234699
106078.403481
101873.731016
95710.219886
88036.410229
71183.957808
64446.380208
61157.720811
63757.505254
70244.453716
77768.224281
85190.111665
91483.854038
95986.383347
98465.410925
99291.546808
98816.457680
99163.326713
97859.347027
94021.137526
93525.804037
97083.309593
99328.305632
98987.891309
96716.974893
91297.900863
84420.284686
79582.188676
80264.565966
85897.052280
92751.890675
97603.335938
99093.569035
99264.323216
98058.485396
86097.788883
82964.937423
84988.870343
89739.166680
91869.520566
90113.065437
89525.373317
91473.303788
92016.464102
91843.200627
91874.984984
90778.603762
88484.301586
84411.341531
78288.456403
71351.344329
64240.531741
57580.552606
50943.531902
45469.836815
42951.362155
44949.071466
50174.576431
56747.308353
63380.381516
70493.665838
77467.298635
83632.395015
87786.517356
90196.951889
112889.079446
112745.662778
113072.994997
111416.619901
110634.519648
112457.992152
111139.418369
106234.442050
104300.505039
108291.982581
112210.034200
112604.292558
111268.943943
106655.257926
99404.217768
93971.683046
95329.053085
102062.244132
108587.743048
111833.930873
112180.277247
109313.085652
107795.041050
110703.838211
112313.603080
112100.932763
111288.675182
108327.235258
103074.729288
95795.658653
101281.543887
92150.049586
87513.096075
92061.620688
101185.612652
110198.842108
117413.165011
122415.093563
125025.250854
125369.190908
125500.479318
123947.155169
120648.848114
122275.784325
125099.166929
124900.084079
121852.820186
115536.476983
107843.047229
105942.721095
112329.412224
119730.534072
123901.150807
125051.233491
124482.193643
120810.990809
116030.438075
118221.106733
123432.823091
124507.002719
73087.405078
73679.727097
75214.412410
74980.675011
74887.574672
73657.423556
71427.155705
67956.508518
63345.939640
57696.875253
51596.422894
45791.856289
40250.659437
35564.893539
