302.160338
340.450725
422.875920
507.592484
593.333869
679.976593
754.481401
759.552918
766.405642
789.026013
801.548314
801.019362
810.129698
814.952757
729.666235
747.887482
564.233051
566.877982
520.596464
478.503562
520.360963
550.941447
562.027949
568.284393
561.909629
561.655482
500.604886
413.057040
390.116169
460.278037
541.945395
557.283817
563.262240
557.517836
542.274844
506.354751
506.539113
550.628355
551.454549
532.916256
567.668733
567.917739
551.130184
528.458336
520.248236
467.796506
370.476935
311.219725
278.538037
305.687893
365.127347
427.225287
488.560931
522.161154
513.331647
520.933707
531.358678
523.567409
546.380306
541.440497
474.261313
465.693565
524.968610
536.923864
538.749437
562.618026
513.350921
434.844581
376.522737
385.651700
453.654626
531.839013
574.555287
541.420974
536.709112
550.558424
541.047433
485.909421
524.628124
612.678910
640.593567
584.348104
565.500692
597.984051
591.825183
582.697441
586.354934
608.007931
651.556959
620.616044
559.968464
498.426798
438.511056
381.282938
326.739680
280.151841
256.530938
276.877686
322.297998
376.464433
433.265331
492.847837
554.250020
614.926651
637.612576
595.076520
883.111016
878.021120
901.659140
876.261156
868.621753
938.124174
929.907508
843.706703
817.356261
883.413857
996.335082
1061.743133
1003.727701
896.969153
799.397469
748.400504
761.358898
834.063936
940.641564
1042.309247
1112.156532
1148.068758
1167.621955
1157.055149
1141.849488
1111.962909
1061.050666
986.446981
893.519291
799.476541
808.653512
749.232572
727.007981
744.228849
799.196751
884.667386
984.005540
1082.821839
1162.342664
1216.693418
1248.644849
1264.921107
1276.221754
1276.221754
1276.221754
1276.221754
1276.221754
1276.221754
1276.221754
1276.221754
1276.221754
1276.221754
1276.221754
1276.221754
1276.221754
1276.221754
1276.221754
1276.221754
1276.221754
1276.221754
1378.400995
1374.252577
1366.065884
1351.105772
1325.814436
1286.317014
1229.506415
1154.645019
1064.955395
968.113555
874.658683
802.818928
744.265950
708.713147
696.864831
708.713147
744.265950
802.818928
874.658683
968.113555
1064.955395
1154.645019
1229.506415
1286.317014
1325.814436
1351.105772
1366.065884
1374.252577
1378.400995
1381.737619
1475.262466
1475.262466
1475.262466
1475.262466
1475.262466
1475.262466
1475.262466
1475.262466
1475.262466
1475.262466
1475.262466
1475.262466
1475.262466
1475.262466
1475.262466
1475.262466
1475.262466
1475.262466
1475.262466
1475.262466
1475.262466
1475.262466
1467.834285
1457.051050
1435.194231
1395.966215
1333.813794
1247.567344
1144.155269
1038.879868
831.945348
777.687997
758.565423
775.935191
828.579242
911.163372
1011.848421
1113.826352
1201.603699
1266.833459
1309.224702
1333.521582
1345.855874
1354.772233
1354.772233
1354.772233
1354.772233
1354.772233
1354.772233
1354.772233
1354.772233
1354.772233
1354.772233
1354.772233
1354.772233
1354.772233
1354.772233
1354.772233
1354.772233
1354.772233
1264.275718
1264.275718
1264.275718
1264.275718
1264.275718
1264.275718
1264.275718
1256.237887
1247.660038
1232.180016
1206.331168
1166.476639
1109.933934
1036.519589
949.917414
857.839190
770.230257
703.673093
649.717776
616.898331
605.498208
615.375412
646.660618
699.148174
764.397614
851.310245
943.407510
1030.698342
1105.228325
1163.010122
1475.082830
1498.359630
1511.853514
1519.086109
1522.670869
1525.435747
1525.435747
1525.435747
1525.435747
1525.435747
1525.435747
1525.435747
1525.435747
1525.435747
1525.435747
1525.435747
1525.435747
1525.435747
1525.435747
1525.435747
1525.435747
1525.435747
1525.435747
1517.008303
1503.740820
1476.256006
1426.922428
1350.600118
1250.151259
1143.234055
1243.708019
1177.829786
1155.635710
1180.941567
1249.365853
1347.028839
1450.577519
1542.530571
1608.609576
1649.050207
1670.398197
1680.145728
1685.797265
1674.585952
1649.074506
1591.645173
1495.141938
1379.903951
1293.626978
1278.009960
1340.629590
1450.997513
1558.287975
1611.287431
1547.559999
1428.881764
1352.988031
1384.762704
1484.753499
1492.008989
789.915289
796.706110
821.873559
799.728818
803.854929
787.679621
765.940262
750.287357
749.125152
679.976593
593.333869
507.592484
422.875920
340.450725
