0.000000 33768.496328
1.000000 35625.233017
2.000000 40393.671365
3.000000 45986.844615
4.000000 51783.408200
5.000000 57831.099742
6.000000 63458.827807
7.000000 68033.257141
8.000000 71492.484301
9.000000 73750.842533
10.000000 74961.827901
11.000000 75150.141794
12.000000 75268.164169
13.000000 75011.844360
14.000000 72823.779968
15.000000 73367.980334
16.000000 54912.287282
17.000000 54006.595974
18.000000 50949.086729
19.000000 49136.207133
20.000000 51041.109633
21.000000 54097.758140
22.000000 55260.997959
23.000000 55320.466515
24.000000 54343.087003
25.000000 51694.605759
26.000000 47748.927280
27.000000 44149.577574
28.000000 43329.627912
29.000000 45937.817257
30.000000 50053.541727
31.000000 53481.590762
32.000000 55359.967451
33.000000 55803.115698
34.000000 54702.995240
35.000000 52559.899755
36.000000 52491.393690
37.000000 54827.917476
38.000000 55959.109983
39.000000 55827.568095
40.000000 56099.379165
41.000000 55611.598915
42.000000 54011.862853
43.000000 51199.942776
44.000000 47558.109531
45.000000 43486.341033
46.000000 36577.623607
47.000000 33738.289260
48.000000 32446.194099
49.000000 33457.800606
50.000000 36162.052551
51.000000 39609.969697
52.000000 43341.683918
53.000000 46805.178716
54.000000 49552.294775
55.000000 51253.116561
56.000000 51947.746772
57.000000 51867.265397
58.000000 51987.510536
59.000000 51213.353692
60.000000 49125.047572
61.000000 48870.365424
62.000000 50699.695781
63.000000 51985.827985
64.000000 51738.232074
65.000000 50185.046902
66.000000 47024.279634
67.000000 43410.817737
68.000000 41103.365411
69.000000 41411.502040
70.000000 44150.342748
71.000000 47831.977606
72.000000 50712.358566
73.000000 51831.171726
74.000000 51997.893391
75.000000 51179.370351
76.000000 53369.600592
77.000000 51421.004143
78.000000 52665.978180
79.000000 55735.424522
80.000000 57210.619518
81.000000 56149.612897
82.000000 55874.265907
83.000000 57020.903581
84.000000 57407.341208
85.000000 57269.234418
86.000000 57122.334721
87.000000 56192.377902
88.000000 54423.714003
89.000000 51575.511879
90.000000 47572.974006
91.000000 43291.050537
92.000000 39154.102797
93.000000 35492.716593
94.000000 32035.014172
95.000000 29315.466008
96.000000 28080.833421
97.000000 29060.596894
98.000000 31646.685251
99.000000 35050.387517
100.000000 38671.551385
101.000000 42780.410946
102.000000 47052.949625
103.000000 51051.576154
104.000000 53932.637147
105.000000 55760.492799
106.000000 85432.007219
107.000000 85430.662540
108.000000 85625.826655
109.000000 84043.461924
110.000000 83622.528732
111.000000 88146.298863
112.000000 86929.617263
113.000000 83675.399301
114.000000 82559.022199
115.000000 84935.313499
116.000000 86750.669313
117.000000 87327.184370
118.000000 85942.391092
119.000000 82012.878430
120.000000 77183.814949
121.000000 74048.121147
122.000000 74808.153252
123.000000 78845.896866
124.000000 83572.732136
125.000000 86500.770198
126.000000 86809.437886
127.000000 84426.931843
128.000000 84887.749824
129.000000 84146.321561
130.000000 85701.430576
131.000000 85240.096303
132.000000 84469.747418
133.000000 81880.784002
134.000000 77643.888258
135.000000 72237.830552
136.000000 73676.638160
137.000000 68078.069092
138.000000 65475.579688
139.000000 68012.379812
140.000000 73587.649426
141.000000 79790.307302
142.000000 94155.033899
143.000000 96442.378702
144.000000 97220.965843
145.000000 96661.639952
146.000000 96729.328040
147.000000 94396.271575
148.000000 92010.658708
149.000000 93166.644627
150.000000 96945.590338
151.000000 96875.646084
152.000000 96073.423823
153.000000 85654.273739
154.000000 80625.746958
155.000000 79496.792719
156.000000 83429.430178
157.000000 91076.074031
158.000000 96940.700541
159.000000 96856.537247
160.000000 97214.097742
161.000000 91232.507416
162.000000 88075.426633
163.000000 89446.889320
164.000000 96843.133242
165.000000 97262.109404
166.000000 103785.366985
167.000000 104325.310040
168.000000 105792.849724
169.000000 105249.462578
170.000000 105879.877545
171.000000 105654.745154
172.000000 105273.201813
173.000000 104232.644082
174.000000 102491.149858
175.000000 99822.331194
176.000000 96526.489883
177.000000 65858.547037
178.000000 58561.627691
179.000000 52107.046131
180.000000 49530.172671
181.000000 52089.150681
182.000000 58537.879353
183.000000 65835.294669
184.000000 96516.495979
185.000000 99817.653233
186.000000 102568.407683
187.000000 104350.449143
188.000000 105409.811267
189.000000 105860.980145
190.000000 106000.617312
191.000000 105565.084975
192.000000 105519.137124
193.000000 105761.590864
194.000000 103592.039092
195.000000 104215.191774
196.000000 113582.422053
197.000000 113064.714278
198.000000 110036.521341
199.000000 107889.744737
200.000000 110158.197130
201.000000 113109.869860
202.000000 113523.300698
203.000000 113508.520352
204.000000 113650.085744
205.000000 112031.982090
206.000000 108640.305130
207.000000 104710.416065
208.000000 103567.455159
209.000000 106829.645210
210.000000 110691.884133
211.000000 113222.344916
212.000000 113922.986908
213.000000 113979.824620
214.000000 113222.468197
215.000000 110618.967123
216.000000 110515.903151
217.000000 113167.673338
218.000000 114041.331347
219.000000 113272.415894
220.000000 114167.259850
221.000000 114292.732479
222.000000 113903.060444
223.000000 112566.178426
224.000000 110177.577548
225.000000 106930.015832
226.000000 76505.643637
227.000000 70941.689974
228.000000 68236.990293
229.000000 70365.398531
230.000000 75710.794978
231.000000 95941.406276
232.000000 100178.796603
233.000000 102773.535329
234.000000 104309.370607
235.000000 104840.115920
236.000000 104876.538356
237.000000 104070.696598
238.000000 104645.363028
239.000000 104120.614500
240.000000 101625.757198
241.000000 101279.209695
242.000000 103710.435979
243.000000 104865.254890
244.000000 104789.664000
245.000000 104288.625577
246.000000 101767.861459
247.000000 94849.231973
248.000000 86551.481906
249.000000 87029.146056
250.000000 98953.930735
251.000000 102494.118376
252.000000 104661.159625
253.000000 104693.416327
254.000000 104651.550890
255.000000 104500.576004
256.000000 91594.215596
257.000000 89435.411767
258.000000 90814.334318
259.000000 96674.261956
260.000000 97750.946550
261.000000 96098.723738
262.000000 95518.785330
263.000000 97176.323472
264.000000 97303.941079
265.000000 97154.601749
266.000000 97646.661822
267.000000 97379.638544
268.000000 97367.418884
269.000000 96248.248441
270.000000 80199.834063
271.000000 73994.178729
272.000000 67625.597696
273.000000 61633.512296
274.000000 55701.551507
275.000000 50893.904046
276.000000 48687.653002
277.000000 50438.218358
278.000000 55022.224616
279.000000 60889.120005
280.000000 66859.335829
281.000000 73232.361026
282.000000 79472.466186
283.000000 95946.510811
284.000000 97101.051054
285.000000 97134.947516
286.000000 118487.803867
287.000000 117902.958744
288.000000 118335.788896
289.000000 117056.848544
290.000000 116531.242827
291.000000 118126.132668
292.000000 117638.783247
293.000000 114693.889622
294.000000 113484.130915
295.000000 115953.495707
296.000000 118164.240886
297.000000 118089.402226
298.000000 118003.036237
299.000000 116028.788815
300.000000 112325.189119
301.000000 109160.884988
302.000000 110006.017767
303.000000 113721.734975
304.000000 116920.475301
305.000000 118052.669100
306.000000 118084.086288
307.000000 116215.772659
308.000000 115053.964887
309.000000 117157.347066
310.000000 117953.628614
311.000000 117787.608219
312.000000 118030.713543
313.000000 117221.121681
314.000000 115311.088498
315.000000 112270.792976
316.000000 121971.351999
317.000000 117558.984416
318.000000 114672.028539
319.000000 117509.613738
320.000000 121930.166500
321.000000 125672.648945
322.000000 128487.215896
323.000000 130235.443967
324.000000 130933.412031
325.000000 130565.515990
326.000000 130728.086091
327.000000 130024.059454
328.000000 127804.401992
329.000000 128988.371032
330.000000 130697.029826
331.000000 130699.627924
332.000000 129668.595430
333.000000 126803.403990
334.000000 122832.636748
335.000000 121703.275944
336.000000 125228.542774
337.000000 128761.231992
338.000000 130419.403734
339.000000 130454.063910
340.000000 130448.706699
341.000000 128609.233900
342.000000 125738.487812
343.000000 127078.014860
344.000000 130025.671559
345.000000 130404.670115
346.000000 72923.389664
347.000000 73507.272537
348.000000 75011.940118
349.000000 74776.989520
350.000000 74678.631632
351.000000 73465.103122
352.000000 71277.799148
353.000000 67882.446537
354.000000 63378.276386
355.000000 57837.635451
356.000000 51800.841895
357.000000 46004.020956
358.000000 40410.938267
359.000000 35636.570323
