0.000000 50144.835194
1.000000 51954.499320
2.000000 55865.482831
3.000000 59792.931193
4.000000 63464.439799
5.000000 67030.300355
6.000000 70193.148897
7.000000 72678.521439
8.000000 74511.090292
9.000000 75688.584524
10.000000 76314.472977
11.000000 76401.324477
12.000000 76455.314125
13.000000 76321.151679
14.000000 75147.119536
15.000000 75443.655342
16.000000 65536.474449
17.000000 65006.400674
18.000000 63103.098476
19.000000 61893.775842
20.000000 63161.887923
21.000000 65059.920056
22.000000 65738.221805
23.000000 65768.972918
24.000000 65221.358175
25.000000 63638.311818
26.000000 61110.848634
27.000000 58556.859118
28.000000 57923.551547
29.000000 59864.678132
30.000000 62614.844650
31.000000 64717.102870
32.000000 65802.342699
33.000000 66050.089762
34.000000 65391.139791
35.000000 64029.283319
36.000000 63985.124571
37.000000 65454.988560
38.000000 66128.967503
39.000000 66025.985412
40.000000 66212.893497
41.000000 65949.915974
42.000000 65034.989127
43.000000 63364.310192
44.000000 61087.185512
45.000000 58337.101288
46.000000 53240.142208
47.000000 50574.619473
48.000000 49172.076904
49.000000 50284.610562
50.000000 52877.217727
51.000000 55710.088567
52.000000 58427.938776
53.000000 60733.789453
54.000000 62450.993037
55.000000 63465.932995
56.000000 63866.837388
57.000000 63785.268131
58.000000 63881.064145
59.000000 63400.832433
60.000000 62027.270710
61.000000 61852.749573
62.000000 63088.218194
63.000000 63898.781829
64.000000 63750.851552
65.000000 62829.424967
66.000000 60809.258343
67.000000 58278.246195
68.000000 56473.333793
69.000000 56726.962371
70.000000 58821.092014
71.000000 61341.036099
72.000000 63153.388782
73.000000 63801.825629
74.000000 63901.018196
75.000000 63416.750985
76.000000 64552.627587
77.000000 63288.365916
78.000000 64105.299183
79.000000 65997.855237
80.000000 66856.883494
81.000000 66210.189232
82.000000 66019.404412
83.000000 66728.164975
84.000000 66950.318048
85.000000 66865.001486
86.000000 66805.142789
87.000000 66288.188303
88.000000 65285.059066
89.000000 63610.889744
90.000000 61149.708932
91.000000 58349.957736
92.000000 55408.132533
93.000000 52518.777566
94.000000 49395.317621
95.000000 46477.274955
96.000000 44944.579403
97.000000 46172.916334
98.000000 49008.977257
99.000000 52144.160810
100.000000 55045.004051
101.000000 58001.179449
102.000000 60820.085621
103.000000 63295.629156
104.000000 64998.564308
105.000000 66040.457235
106.000000 80649.659892
107.000000 80698.952376
108.000000 80836.469087
109.000000 80159.456215
110.000000 79822.024416
111.000000 80549.081564
112.000000 79921.331903
113.000000 77792.376255
114.000000 76963.814496
115.000000 78680.485148
116.000000 80392.085027
117.000000 80594.877625
118.000000 79883.651647
119.000000 77782.033667
120.000000 74625.988155
121.000000 72298.720661
122.000000 72879.923285
123.000000 75776.169675
124.000000 78650.456102
125.000000 80183.676062
126.000000 80384.054098
127.000000 79186.570531
128.000000 78594.286723
129.000000 79778.202012
130.000000 80485.260403
131.000000 80354.711247
132.000000 79842.729347
133.000000 78394.530850
134.000000 76006.816100
135.000000 72848.118882
136.000000 72968.873622
137.000000 69171.757374
138.000000 67243.680052
139.000000 69141.620066
140.000000 72933.395500
141.000000 76775.697097
142.000000 80022.621486
143.000000 82481.957151
144.000000 83926.266881
145.000000 84309.870632
146.000000 84392.069655
147.000000 83650.809020
148.000000 82269.073357
149.000000 82898.666122
150.000000 84120.368203
151.000000 83946.143688
152.000000 82359.977493
153.000000 79445.068361
154.000000 76116.604400
155.000000 75324.148581
156.000000 78039.146414
157.000000 81348.628806
158.000000 83399.773723
159.000000 84110.267775
160.000000 83782.168193
161.000000 82071.183612
162.000000 79979.658601
163.000000 80929.553396
164.000000 83268.413237
165.000000 83828.735528
166.000000 87030.918101
167.000000 87399.462871
168.000000 88373.127290
169.000000 88227.743828
170.000000 88255.095577
171.000000 87615.971207
172.000000 86401.637977
173.000000 84405.837834
174.000000 81619.494841
175.000000 77999.995631
176.000000 73836.493766
177.000000 69514.562524
178.000000 64879.235610
179.000000 60264.731171
180.000000 58118.415670
181.000000 60251.218508
182.000000 64863.590118
183.000000 69501.002573
184.000000 73823.874414
185.000000 77993.989373
186.000000 81668.473660
187.000000 84498.964950
188.000000 86526.981736
189.000000 87777.831910
190.000000 88416.795445
191.000000 88446.798221
192.000000 88478.134531
193.000000 88343.998913
194.000000 86939.464850
195.000000 87297.439971
196.000000 92527.817615
197.000000 91830.689790
198.000000 89156.120643
199.000000 87455.858798
200.000000 89245.227674
201.000000 91882.762332
202.000000 92747.458345
203.000000 92789.676498
204.000000 92200.583765
205.000000 90100.625101
206.000000 86600.580902
207.000000 83033.097877
208.000000 82132.214382
209.000000 84872.350332
210.000000 88681.047504
211.000000 91537.091565
212.000000 92892.932802
213.000000 93161.460134
214.000000 92256.732842
215.000000 90267.192043
216.000000 90198.485337
217.000000 92287.801089
218.000000 93216.803088
219.000000 92983.149431
220.000000 93368.145598
221.000000 93155.641097
222.000000 92061.473516
223.000000 89909.804436
224.000000 86798.479276
225.000000 82942.594766
226.000000 74169.886564
227.000000 70398.662963
228.000000 68396.075675
229.000000 69990.384935
230.000000 73660.776555
231.000000 77637.407349
232.000000 81419.748572
233.000000 84583.098128
234.000000 86844.352328
235.000000 88099.059039
236.000000 88525.194626
237.000000 88295.790763
238.000000 88465.550317
239.000000 87813.437933
240.000000 85898.750068
241.000000 85650.397701
242.000000 87424.366962
243.000000 88543.142105
244.000000 88368.472411
245.000000 87220.462324
246.000000 84509.500975
247.000000 81051.486113
248.000000 78553.928599
249.000000 78911.687977
250.000000 81799.274935
251.000000 85235.905186
252.000000 87666.015305
253.000000 88424.585874
254.000000 88512.505509
255.000000 87905.942164
256.000000 81858.852332
257.000000 80262.269578
258.000000 81297.198880
259.000000 83686.461152
260.000000 84751.689840
261.000000 83876.655070
262.000000 83581.887304
263.000000 84558.959923
264.000000 84824.324092
265.000000 84735.043681
266.000000 84747.228642
267.000000 84194.999282
268.000000 83043.662708
269.000000 80995.401515
270.000000 77896.618231
271.000000 74321.788504
272.000000 70527.356392
273.000000 66778.084250
274.000000 62725.692985
275.000000 58947.725781
276.000000 56958.392750
277.000000 58553.419661
278.000000 62225.517158
279.000000 66290.178184
280.000000 70055.828319
281.000000 73872.406307
282.000000 77477.918731
283.000000 80603.941210
284.000000 82694.571363
285.000000 83904.254700
286.000000 95681.094943
287.000000 95630.893314
288.000000 95798.289717
289.000000 94958.930852
290.000000 94556.836481
291.000000 95470.351443
292.000000 94781.247113
293.000000 92298.457304
294.000000 91333.878257
295.000000 93331.293358
296.000000 95326.823454
297.000000 95543.936520
298.000000 94822.849671
299.000000 92444.672892
300.000000 88804.964316
301.000000 86094.474558
302.000000 86774.047259
303.000000 90131.369247
304.000000 93432.872890
305.000000 95127.839970
306.000000 95317.627744
307.000000 93868.426612
308.000000 93114.251965
309.000000 94575.980651
310.000000 95397.644114
311.000000 95286.280476
312.000000 94832.803519
313.000000 93275.867692
314.000000 90576.849504
315.000000 86902.396224
316.000000 90011.764793
317.000000 85418.441392
318.000000 83044.573081
319.000000 85373.797388
320.000000 89962.890369
321.000000 94545.979446
322.000000 98341.357173
323.000000 101088.913441
324.000000 102587.489569
325.000000 102837.641504
326.000000 102908.267624
327.000000 102051.285554
328.000000 100307.206351
329.000000 101149.659721
330.000000 102663.252782
331.000000 102533.570330
332.000000 100805.901551
333.000000 97426.447403
334.000000 93501.766730
335.000000 92548.933875
336.000000 95772.033305
337.000000 99647.640407
338.000000 101955.155921
339.000000 102641.434403
340.000000 102302.530691
341.000000 100299.377450
342.000000 97804.608908
343.000000 98934.411197
344.000000 101721.023918
345.000000 102331.808263
346.000000 75211.032859
347.000000 75522.714786
348.000000 76330.389168
349.000000 76208.661750
350.000000 76170.148499
351.000000 75541.846968
352.000000 74399.067660
353.000000 72597.763102
354.000000 70150.227079
355.000000 67034.626583
356.000000 63475.110947
357.000000 59804.356776
358.000000 55878.655914
359.000000 51965.304046
