0.000000 70125.275679
1.000000 70183.004743
2.000000 70070.055245
3.000000 69827.374042
4.000000 69527.891702
5.000000 69295.429620
6.000000 69341.807828
7.000000 69463.181333
8.000000 69574.673678
9.000000 69444.362155
10.000000 69343.488662
11.000000 69239.489224
12.000000 69342.940413
13.000000 69569.047793
14.000000 69719.967312
15.000000 70016.972382
16.000000 60273.558644
17.000000 60544.583343
18.000000 60369.311741
19.000000 60066.483185
20.000000 60288.424404
21.000000 60779.080916
22.000000 61346.045634
23.000000 61722.260132
24.000000 61973.010799
25.000000 62163.561669
26.000000 62551.431260
27.000000 62990.283979
28.000000 63309.312439
29.000000 63628.240052
30.000000 63743.552507
31.000000 63421.287174
32.000000 63006.682630
33.000000 62585.077748
34.000000 62106.195313
35.000000 61498.312392
36.000000 61150.839012
37.000000 61105.548483
38.000000 61130.258177
39.000000 61267.110542
40.000000 61496.068167
41.000000 61668.547804
42.000000 61770.162335
43.000000 61788.895953
44.000000 61498.966076
45.000000 61093.437393
46.000000 58739.391936
47.000000 58861.058931
48.000000 58679.099310
49.000000 58758.452495
50.000000 59209.548175
51.000000 59768.251134
52.000000 60198.879499
53.000000 60474.271312
54.000000 60715.432966
55.000000 61062.309538
56.000000 61475.873247
57.000000 62029.890166
58.000000 62427.341190
59.000000 62527.321498
60.000000 62444.952912
61.000000 62023.055255
62.000000 61363.064683
63.000000 60724.901105
64.000000 60136.020910
65.000000 59663.037390
66.000000 59111.295619
67.000000 58556.350404
68.000000 58330.584829
69.000000 58303.816512
70.000000 58290.867210
71.000000 58240.473277
72.000000 58144.429138
73.000000 57974.537088
74.000000 57847.011200
75.000000 57816.422703
76.000000 60438.664561
77.000000 60663.208845
78.000000 61006.476893
79.000000 61208.481581
80.000000 61562.519974
81.000000 62147.945871
82.000000 62732.334295
83.000000 63380.963743
84.000000 63799.321719
85.000000 63830.791799
86.000000 63841.002301
87.000000 63858.923322
88.000000 63991.990167
89.000000 64388.004806
90.000000 64415.818970
91.000000 64032.310396
92.000000 63451.598825
93.000000 62719.818128
94.000000 61939.638156
95.000000 61173.789799
96.000000 60572.506552
97.000000 60357.085420
98.000000 60330.377506
99.000000 60242.178946
100.000000 60259.292688
101.000000 60497.787082
102.000000 60746.844490
103.000000 60891.140259
104.000000 60681.371083
105.000000 60321.479797
106.000000 72998.489958
107.000000 73091.422066
108.000000 73357.902969
109.000000 73690.883402
110.000000 74045.391198
111.000000 74415.283299
112.000000 75017.713871
113.000000 75849.141958
114.000000 76738.769484
115.000000 77375.665677
116.000000 77817.282871
117.000000 78373.958810
118.000000 78952.571448
119.000000 79390.339724
120.000000 79413.271981
121.000000 79264.922372
122.000000 78927.058751
123.000000 78111.698899
124.000000 76970.801811
125.000000 75829.079435
126.000000 74850.926693
127.000000 74241.051807
128.000000 73960.560536
129.000000 73918.225359
130.000000 73527.523619
131.000000 73177.776096
132.000000 73198.652390
133.000000 73323.826896
134.000000 73421.488713
135.000000 73520.998741
136.000000 77708.479362
137.000000 77846.817592
138.000000 77981.322172
139.000000 78135.950526
140.000000 78201.850636
141.000000 78360.297229
142.000000 78772.113601
143.000000 78998.525742
144.000000 79273.149657
145.000000 79681.198499
146.000000 80026.161656
147.000000 80438.497800
148.000000 80759.023650
149.000000 81121.683755
150.000000 81437.125702
151.000000 81127.104693
152.000000 80238.857196
153.000000 79165.740201
154.000000 78317.042649
155.000000 77879.395476
156.000000 77771.296604
157.000000 77905.732969
158.000000 77678.496380
159.000000 76896.619109
160.000000 76357.287468
161.000000 76365.893263
162.000000 76329.524542
163.000000 76059.639637
164.000000 75812.300734
165.000000 75585.361060
166.000000 79389.052931
167.000000 79238.944999
168.000000 79477.886376
169.000000 79911.811352
170.000000 80299.984744
171.000000 80107.438251
172.000000 79621.639001
173.000000 79392.288145
174.000000 79652.798001
175.000000 80247.368066
176.000000 80543.337535
177.000000 80586.246094
178.000000 80848.194740
179.000000 81157.319825
180.000000 81373.228102
181.000000 81494.561258
182.000000 81394.721628
183.000000 81106.071866
184.000000 80720.966612
185.000000 80345.050733
186.000000 80269.353381
187.000000 80492.086155
188.000000 80677.474961
189.000000 80657.107780
190.000000 80815.705004
191.000000 80823.439824
192.000000 80721.586642
193.000000 80846.941941
194.000000 81056.898182
195.000000 81537.416593
196.000000 85778.828392
197.000000 85879.327155
198.000000 85635.409571
199.000000 85263.257934
200.000000 85922.460295
201.000000 86704.819191
202.000000 87345.441057
203.000000 87772.514636
204.000000 87890.660067
205.000000 88305.564574
206.000000 88713.997859
207.000000 89178.689429
208.000000 89758.649582
209.000000 90214.970409
210.000000 90384.824095
211.000000 89993.746844
212.000000 89523.598770
213.000000 89074.541496
214.000000 88319.479502
215.000000 87544.139481
216.000000 87108.012996
217.000000 86922.968276
218.000000 86744.014156
219.000000 86810.819465
220.000000 87003.508985
221.000000 87317.343035
222.000000 87648.276853
223.000000 87920.946755
224.000000 87539.580404
225.000000 86702.393733
226.000000 81502.989879
227.000000 81619.949499
228.000000 81364.106272
229.000000 81394.931389
230.000000 82006.147845
231.000000 82733.941054
232.000000 83259.543913
233.000000 83711.665562
234.000000 84198.252521
235.000000 84688.383193
236.000000 85092.047315
237.000000 85785.857198
238.000000 86365.977246
239.000000 86696.047925
240.000000 86701.668526
241.000000 86138.669482
242.000000 85101.070561
243.000000 84165.201937
244.000000 83527.043333
245.000000 83026.354997
246.000000 82496.513741
247.000000 81943.116349
248.000000 81558.191978
249.000000 81283.097269
250.000000 81250.375229
251.000000 81146.609230
252.000000 81012.817458
253.000000 80796.683222
254.000000 80650.672549
255.000000 80571.612322
256.000000 76904.923054
257.000000 77084.547589
258.000000 77525.960871
259.000000 77873.736217
260.000000 78382.284909
261.000000 79078.502153
262.000000 79583.199167
263.000000 80204.446286
264.000000 80777.703536
265.000000 80981.936340
266.000000 80989.458692
267.000000 80911.586336
268.000000 81030.540602
269.000000 81496.664305
270.000000 81660.715657
271.000000 81251.704250
272.000000 80642.815235
273.000000 79856.538442
274.000000 78802.131358
275.000000 77674.841438
276.000000 76985.289479
277.000000 76866.954812
278.000000 76758.603748
279.000000 76694.974251
280.000000 76897.087789
281.000000 77272.654079
282.000000 77542.824393
283.000000 77451.181319
284.000000 77227.509346
285.000000 76927.288501
286.000000 87210.971269
287.000000 87276.269981
288.000000 87672.182883
289.000000 88025.509961
290.000000 88363.216252
291.000000 88816.045716
292.000000 89481.648222
293.000000 90328.751580
294.000000 91285.517296
295.000000 92133.283194
296.000000 92539.234860
297.000000 93000.620001
298.000000 93600.448733
299.000000 94111.359629
300.000000 94311.468213
301.000000 94304.560459
302.000000 93904.111198
303.000000 92796.892632
304.000000 91409.640120
305.000000 90165.986056
306.000000 89214.325520
307.000000 88587.062116
308.000000 88060.813697
309.000000 87861.782468
310.000000 87471.618422
311.000000 87194.123551
312.000000 87195.909310
313.000000 87214.326444
314.000000 87542.386106
315.000000 87734.169723
316.000000 95510.912886
317.000000 95697.868425
318.000000 96011.709220
319.000000 96189.944831
320.000000 96217.695002
321.000000 96420.673119
322.000000 96754.498069
323.000000 96958.601212
324.000000 97220.531882
325.000000 97694.785004
326.000000 98047.755510
327.000000 98417.603095
328.000000 98823.408907
329.000000 99333.884177
330.000000 99823.870512
331.000000 99511.512671
332.000000 98580.488460
333.000000 97549.993602
334.000000 96583.548102
335.000000 95922.558450
336.000000 95752.513924
337.000000 95851.490219
338.000000 95583.427728
339.000000 94573.443381
340.000000 93964.383181
341.000000 94333.197357
342.000000 94478.310169
343.000000 94086.444282
344.000000 93621.844033
345.000000 93244.421356
346.000000 68232.827868
347.000000 68094.934753
348.000000 68404.697718
349.000000 68662.478338
350.000000 68869.330501
351.000000 68694.456561
352.000000 68198.576057
353.000000 68102.186398
354.000000 68506.152430
355.000000 69154.287156
356.000000 69443.416117
357.000000 69444.853511
358.000000 69740.866625
359.000000 70024.990656
