0.000000 538.708056
1.000000 578.889825
2.000000 650.027502
3.000000 710.859874
4.000000 765.437035
5.000000 816.144088
6.000000 857.502178
7.000000 860.810162
8.000000 864.580557
9.000000 876.767580
10.000000 883.614564
11.000000 883.508106
12.000000 888.302274
13.000000 890.468827
14.000000 844.936747
15.000000 854.789535
16.000000 748.987487
17.000000 750.574222
18.000000 720.972824
19.000000 692.394579
20.000000 720.783673
21.000000 740.554165
22.000000 747.656632
23.000000 751.606738
24.000000 747.518984
25.000000 747.166098
26.000000 707.390722
27.000000 643.247171
28.000000 624.408372
29.000000 679.116248
30.000000 734.653902
31.000000 744.547559
32.000000 748.390463
33.000000 744.770075
34.000000 735.006758
35.000000 711.534157
36.000000 711.683608
37.000000 740.345491
38.000000 740.903795
39.000000 729.137023
40.000000 751.120640
41.000000 751.265239
42.000000 740.550053
43.000000 725.854773
44.000000 720.334332
45.000000 684.354262
46.000000 607.456983
47.000000 549.152687
48.000000 510.605542
49.000000 543.033234
50.000000 602.691661
51.000000 654.413124
52.000000 699.143754
53.000000 721.815012
54.000000 716.137425
55.000000 721.265019
56.000000 728.175073
57.000000 723.241990
58.000000 737.915050
59.000000 734.604123
60.000000 689.487935
61.000000 683.394114
62.000000 723.908770
63.000000 731.817338
64.000000 733.037086
65.000000 747.972225
66.000000 716.133178
67.000000 660.363714
68.000000 612.761833
69.000000 620.686290
70.000000 674.439491
71.000000 728.304996
72.000000 755.418897
73.000000 734.805748
74.000000 731.757670
75.000000 740.413665
76.000000 734.267477
77.000000 697.559933
78.000000 723.641105
79.000000 778.423418
80.000000 794.961119
81.000000 761.749243
82.000000 750.144858
83.000000 769.898330
84.000000 766.222947
85.000000 760.631117
86.000000 762.802904
87.000000 775.831201
88.000000 800.969714
89.000000 782.762980
90.000000 745.761018
91.000000 705.545191
92.000000 662.690170
93.000000 616.654553
94.000000 565.548962
95.000000 512.801782
96.000000 481.568293
97.000000 508.659778
98.000000 560.939154
99.000000 612.468082
100.000000 658.706207
101.000000 701.727556
102.000000 742.150900
103.000000 779.376494
104.000000 792.922015
105.000000 768.045364
106.000000 926.254858
107.000000 923.669817
108.000000 935.800924
109.000000 922.900170
110.000000 918.994765
111.000000 954.297711
112.000000 950.171372
113.000000 906.259021
114.000000 892.615261
115.000000 926.592782
116.000000 983.392221
117.000000 1015.930667
118.000000 987.101944
119.000000 933.539881
120.000000 883.317799
121.000000 856.284869
122.000000 863.217513
123.000000 901.354106
124.000000 955.572158
125.000000 1006.259922
126.000000 1040.869565
127.000000 1058.658713
128.000000 1068.326285
129.000000 1063.111538
130.000000 1055.586387
131.000000 1040.791375
132.000000 1015.586092
133.000000 978.542945
134.000000 931.872937
135.000000 883.464321
136.000000 889.161494
137.000000 857.807680
138.000000 845.839883
139.000000 855.125854
140.000000 884.227267
141.000000 928.213934
142.000000 978.100041
143.000000 1027.075530
144.000000 1066.431492
145.000000 1093.446171
146.000000 1109.391561
147.000000 1117.521943
148.000000 1123.138489
149.000000 1123.138489
150.000000 1123.138489
151.000000 1123.138489
152.000000 1123.138489
153.000000 1123.138489
154.000000 1123.138489
155.000000 1123.138489
156.000000 1123.138489
157.000000 1123.138489
158.000000 1123.138489
159.000000 1123.138489
160.000000 1123.138489
161.000000 1123.138489
162.000000 1123.138489
163.000000 1123.138489
164.000000 1123.138489
165.000000 1123.138489
166.000000 1176.232388
167.000000 1174.121483
168.000000 1169.941084
169.000000 1162.295477
170.000000 1149.404029
171.000000 1129.402349
172.000000 1100.908334
173.000000 1063.736834
174.000000 1019.475547
175.000000 971.563692
176.000000 924.675812
177.000000 887.762577
178.000000 856.910182
179.000000 837.720276
180.000000 831.234797
181.000000 837.720276
182.000000 856.910182
183.000000 887.762577
184.000000 924.675812
185.000000 971.563692
186.000000 1019.475547
187.000000 1063.736834
188.000000 1100.908334
189.000000 1129.402349
190.000000 1149.404029
191.000000 1162.295477
192.000000 1169.941084
193.000000 1174.121483
194.000000 1176.232388
195.000000 1177.913130
196.000000 1228.493284
197.000000 1228.493284
198.000000 1228.493284
199.000000 1228.493284
200.000000 1228.493284
201.000000 1228.493284
202.000000 1228.493284
203.000000 1228.493284
204.000000 1228.493284
205.000000 1228.493284
206.000000 1228.493284
207.000000 1228.493284
208.000000 1228.493284
209.000000 1228.493284
210.000000 1228.493284
211.000000 1228.493284
212.000000 1228.493284
213.000000 1228.493284
214.000000 1228.493284
215.000000 1228.493284
216.000000 1228.493284
217.000000 1228.493284
218.000000 1224.595604
219.000000 1218.877767
220.000000 1207.294567
221.000000 1186.676404
222.000000 1154.533140
223.000000 1110.839176
224.000000 1059.380828
225.000000 1007.417332
226.000000 902.156436
227.000000 873.910453
228.000000 863.795718
229.000000 872.987108
230.000000 900.421390
231.000000 942.466605
232.000000 992.702566
233.000000 1043.119996
234.000000 1086.627087
235.000000 1119.251082
236.000000 1140.645745
237.000000 1152.971726
238.000000 1159.231270
239.000000 1163.722543
240.000000 1163.722543
241.000000 1163.722543
242.000000 1163.722543
243.000000 1163.722543
244.000000 1163.722543
245.000000 1163.722543
246.000000 1163.722543
247.000000 1163.722543
248.000000 1163.722543
249.000000 1163.722543
250.000000 1163.722543
251.000000 1163.722543
252.000000 1163.722543
253.000000 1163.722543
254.000000 1163.722543
255.000000 1163.722543
256.000000 1117.047920
257.000000 1117.047920
258.000000 1117.047920
259.000000 1117.047920
260.000000 1117.047920
261.000000 1117.047920
262.000000 1117.047920
263.000000 1113.067178
264.000000 1108.796763
265.000000 1101.084550
266.000000 1088.221351
267.000000 1068.445070
268.000000 1040.480562
269.000000 1004.206250
270.000000 961.177925
271.000000 914.684484
272.000000 869.166142
273.000000 833.281088
274.000000 803.082272
275.000000 784.084786
276.000000 777.355720
277.000000 783.189969
278.000000 801.334584
279.000000 830.791667
280.000000 866.074622
281.000000 911.343407
282.000000 957.922327
283.000000 1001.325844
284.000000 1038.156083
285.000000 1066.728003
286.000000 1229.432405
287.000000 1242.035273
288.000000 1249.376800
289.000000 1253.308960
290.000000 1255.248665
291.000000 1256.724229
292.000000 1256.724229
293.000000 1256.724229
294.000000 1256.724229
295.000000 1256.724229
296.000000 1256.724229
297.000000 1256.724229
298.000000 1256.724229
299.000000 1256.724229
300.000000 1256.724229
301.000000 1256.724229
302.000000 1256.724229
303.000000 1256.724229
304.000000 1256.724229
305.000000 1256.724229
306.000000 1256.724229
307.000000 1256.724229
308.000000 1256.724229
309.000000 1252.178330
310.000000 1244.946988
311.000000 1230.017414
312.000000 1203.597531
313.000000 1163.698720
314.000000 1112.619662
315.000000 1059.370916
316.000000 1111.211721
317.000000 1078.453896
318.000000 1067.499895
319.000000 1079.992572
320.000000 1114.045669
321.000000 1163.654518
322.000000 1218.210968
323.000000 1269.062625
324.000000 1307.509608
325.000000 1331.985312
326.000000 1345.190623
327.000000 1351.253708
328.000000 1354.727335
329.000000 1347.783360
330.000000 1331.943593
331.000000 1297.296894
332.000000 1242.167523
333.000000 1180.186404
334.000000 1135.696304
335.000000 1127.773281
336.000000 1159.769275
337.000000 1218.007045
338.000000 1277.864081
339.000000 1309.134496
340.000000 1271.542887
341.000000 1205.772156
342.000000 1165.729717
343.000000 1182.341665
344.000000 1236.377664
345.000000 1240.347535
346.000000 877.833445
347.000000 881.384850
348.000000 894.486174
349.000000 882.835581
350.000000 884.824464
351.000000 876.055601
352.000000 864.273079
353.000000 855.807700
354.000000 854.657965
355.000000 816.144088
356.000000 765.437035
357.000000 710.859874
358.000000 650.027502
359.000000 578.889825
