0.000000 32251.397324
1.000000 35130.148468
2.000000 41811.809242
3.000000 48886.764215
4.000000 55600.469013
5.000000 62114.654478
6.000000 67997.819243
7.000000 72545.785693
8.000000 75831.102122
9.000000 77895.987616
10.000000 78971.941473
11.000000 79082.221811
12.000000 79166.923164
13.000000 78926.606263
14.000000 76748.007228
15.000000 77306.464779
16.000000 59264.410007
17.000000 58288.906458
18.000000 54786.196794
19.000000 52585.495413
20.000000 54894.723921
21.000000 58386.153934
22.000000 59633.766747
23.000000 59693.101043
24.000000 58692.562964
25.000000 55786.834231
26.000000 51163.479551
27.000000 46584.797588
28.000000 45477.509132
29.000000 48911.599157
30.000000 53907.544960
31.000000 57767.368907
32.000000 59758.051554
33.000000 60211.622269
34.000000 58994.058623
35.000000 56481.806253
36.000000 56400.193831
37.000000 59105.627640
38.000000 60352.696899
39.000000 60160.366768
40.000000 60516.189556
41.000000 60041.954871
42.000000 58363.201972
43.000000 55307.001185
44.000000 51138.831169
45.000000 46151.342704
46.000000 37171.680842
47.000000 32843.629881
48.000000 30734.334850
49.000000 32394.407655
50.000000 36563.573795
51.000000 41411.717508
52.000000 46255.622634
53.000000 50445.659485
54.000000 53582.987245
55.000000 55434.733475
56.000000 56154.605168
57.000000 56000.867789
58.000000 56177.920565
59.000000 55293.971297
60.000000 52785.344972
61.000000 52468.678540
62.000000 54720.746017
63.000000 56211.283881
64.000000 55946.378127
65.000000 54257.847961
66.000000 50564.873173
67.000000 46010.180797
68.000000 42865.503159
69.000000 43299.637890
70.000000 46975.946093
71.000000 51533.864928
72.000000 54852.184903
73.000000 56036.516010
74.000000 56214.090153
75.000000 55322.735675
76.000000 57446.352042
77.000000 55133.942964
78.000000 56625.090678
79.000000 60113.179481
80.000000 61699.732219
81.000000 60489.885671
82.000000 60128.505186
83.000000 61455.930428
84.000000 61871.323761
85.000000 61721.531768
86.000000 61629.382719
87.000000 60686.577390
88.000000 58843.417886
89.000000 55785.523306
90.000000 51281.272733
91.000000 46180.125232
92.000000 40895.410739
93.000000 35887.654085
94.000000 30731.380083
95.000000 26312.339587
96.000000 24211.312975
97.000000 25879.899605
98.000000 30120.228335
99.000000 35253.023715
100.000000 40256.714376
101.000000 45548.297656
102.000000 50678.745973
103.000000 55208.317619
104.000000 58318.588765
105.000000 60229.545363
106.000000 86615.222853
107.000000 86647.969992
108.000000 86886.854586
109.000000 85643.107319
110.000000 85036.215229
111.000000 86382.167487
112.000000 85280.392644
113.000000 81410.029136
114.000000 79882.940626
115.000000 83035.806096
116.000000 86129.596782
117.000000 86478.178603
118.000000 85263.281205
119.000000 81526.315324
120.000000 75742.454475
121.000000 71413.816469
122.000000 72493.033027
123.000000 77867.049737
124.000000 83083.072536
125.000000 85777.989896
126.000000 86110.938517
127.000000 83923.186863
128.000000 82815.550887
129.000000 84998.530819
130.000000 86275.990998
131.000000 86057.679589
132.000000 85214.680099
133.000000 82693.067123
134.000000 78440.936579
135.000000 72664.547324
136.000000 72656.475310
137.000000 65610.345245
138.000000 62050.307153
139.000000 65555.517494
140.000000 72590.642142
141.000000 79672.432213
142.000000 85471.132587
143.000000 89750.183559
144.000000 92190.141312
145.000000 92778.796329
146.000000 92912.447636
147.000000 91610.918624
148.000000 89123.028232
149.000000 90277.241495
150.000000 92461.503791
151.000000 92188.958039
152.000000 89473.758773
153.000000 84309.681407
154.000000 78209.935791
155.000000 76735.574127
156.000000 81755.398579
157.000000 87700.732174
158.000000 91260.680521
159.000000 92438.770242
160.000000 91885.018072
161.000000 88873.752215
162.000000 85096.322053
163.000000 86823.814973
164.000000 90986.848115
165.000000 91942.290104
166.000000 97164.980367
167.000000 97798.200397
168.000000 99471.806775
169.000000 99209.799528
170.000000 99285.253918
171.000000 98281.141877
172.000000 96335.967521
173.000000 93051.716354
174.000000 88335.845420
175.000000 82030.931537
176.000000 74540.062499
177.000000 66491.045112
178.000000 57988.550018
179.000000 49518.430190
180.000000 45697.210733
181.000000 49493.672912
182.000000 57959.845319
183.000000 66465.304150
184.000000 74516.951703
185.000000 82020.996030
186.000000 88424.337145
187.000000 93213.279382
188.000000 96548.928796
189.000000 98555.238689
190.000000 99555.071508
191.000000 99572.801864
192.000000 99632.537948
193.000000 99420.008472
194.000000 96987.754780
195.000000 97625.186246
196.000000 106154.022492
197.000000 105041.329694
198.000000 100575.004827
199.000000 97620.192268
200.000000 100727.055600
201.000000 105125.087938
202.000000 106502.055880
203.000000 106565.264342
204.000000 105646.899422
205.000000 102272.955652
206.000000 96372.147675
207.000000 90062.934469
208.000000 88428.862472
209.000000 93347.152734
210.000000 99919.635713
211.000000 104600.455424
212.000000 106752.006290
213.000000 107167.232051
214.000000 105697.340288
215.000000 102328.157444
216.000000 102209.945615
217.000000 105737.797695
218.000000 107244.660983
219.000000 106823.488738
220.000000 107491.737835
221.000000 107181.534246
222.000000 105437.110044
223.000000 102010.691395
224.000000 96886.369787
225.000000 90255.183746
226.000000 74682.183076
227.000000 67673.296895
228.000000 63974.300347
229.000000 66918.445475
230.000000 73730.230153
231.000000 81072.329066
232.000000 87821.197795
233.000000 93299.318715
234.000000 97085.374815
235.000000 99119.979360
236.000000 99781.002288
237.000000 99343.673390
238.000000 99670.160367
239.000000 98576.501318
240.000000 95225.880581
241.000000 94783.775173
242.000000 97915.379447
243.000000 99821.778846
244.000000 99543.071864
245.000000 97676.650402
246.000000 93041.644541
247.000000 86887.340979
248.000000 82309.962656
249.000000 82970.808236
250.000000 88236.776827
251.000000 94304.795695
252.000000 98417.923711
253.000000 99621.529271
254.000000 99758.087373
255.000000 98774.205273
256.000000 88471.397960
257.000000 85567.732346
258.000000 87455.123399
259.000000 91725.959439
260.000000 93567.288389
261.000000 91987.641413
262.000000 91432.218080
263.000000 93190.149518
264.000000 93661.181527
265.000000 93513.441619
266.000000 93591.976854
267.000000 92700.333047
268.000000 90794.510230
269.000000 87301.496384
270.000000 81877.071077
271.000000 75451.787161
272.000000 68439.950806
273.000000 61503.463009
274.000000 54067.030314
275.000000 47211.518866
276.000000 43743.793840
277.000000 46514.637517
278.000000 53150.518118
279.000000 60606.652868
280.000000 67555.470252
281.000000 74631.250742
282.000000 81134.183659
283.000000 86617.800206
284.000000 90194.458004
285.000000 92204.496515
286.000000 111080.487334
287.000000 110952.822053
288.000000 111232.860454
289.000000 109860.704440
290.000000 109210.539063
291.000000 110727.117597
292.000000 109635.562808
293.000000 105569.115601
294.000000 103933.273009
295.000000 107288.668220
296.000000 110524.519958
297.000000 110842.562552
298.000000 109745.684444
299.000000 105952.037726
300.000000 99884.558331
301.000000 95147.087639
302.000000 96349.827341
303.000000 102137.274599
304.000000 107532.921161
305.000000 110211.746924
306.000000 110494.935058
307.000000 108119.895987
308.000000 106839.642583
309.000000 109273.324518
310.000000 110601.763044
311.000000 110426.122674
312.000000 109763.484997
313.000000 107300.491345
314.000000 103008.700728
315.000000 96944.822390
316.000000 101486.669669
317.000000 93570.051546
318.000000 89298.409343
319.000000 93492.724688
320.000000 101407.622115
321.000000 108823.847589
322.000000 114787.512051
323.000000 118894.234716
324.000000 121018.429091
325.000000 121291.647726
326.000000 121396.412203
327.000000 120130.469746
328.000000 117423.672130
329.000000 118761.624146
330.000000 121070.194315
331.000000 120910.659438
332.000000 118426.506938
333.000000 113214.314265
334.000000 106866.814806
335.000000 105266.558653
336.000000 110581.349118
337.000000 116685.584496
338.000000 120097.774418
339.000000 121033.277608
340.000000 120567.782670
341.000000 117566.124795
342.000000 113626.333662
343.000000 115434.966368
344.000000 119713.511009
345.000000 120588.142158
346.000000 76882.055248
347.000000 77454.977846
348.000000 78955.679264
349.000000 78735.914642
350.000000 78711.383143
351.000000 77629.641895
352.000000 75626.681116
353.000000 72396.564163
354.000000 67917.599132
355.000000 62122.275067
356.000000 55619.973603
357.000000 48907.588251
358.000000 41834.843935
359.000000 35147.615742
