0.000000 254.650314
1.000000 280.530170
2.000000 335.030358
3.000000 392.058729
4.000000 452.074995
5.000000 515.076242
6.000000 570.647927
7.000000 574.765458
8.000000 580.769716
9.000000 598.948396
10.000000 608.709167
11.000000 608.523503
12.000000 615.932365
13.000000 619.050144
14.000000 554.661529
15.000000 567.797959
16.000000 597.388898
17.000000 600.128028
18.000000 550.447929
19.000000 505.246382
20.000000 550.185007
21.000000 583.022952
22.000000 595.039372
23.000000 601.821550
24.000000 594.885605
25.000000 594.250832
26.000000 528.475254
27.000000 434.241263
28.000000 409.471523
29.000000 485.119779
30.000000 572.999282
31.000000 589.808214
32.000000 596.304690
33.000000 590.107076
34.000000 573.676124
35.000000 535.192223
36.000000 535.404926
37.000000 582.665611
38.000000 583.560112
39.000000 563.698543
40.000000 600.951727
41.000000 601.195518
42.000000 582.934851
43.000000 558.554983
44.000000 549.531499
45.000000 493.015169
46.000000 418.870487
47.000000 346.603994
48.000000 306.740007
49.000000 339.863769
50.000000 412.387092
51.000000 487.579575
52.000000 561.106092
53.000000 601.455348
54.000000 591.204229
55.000000 600.206187
56.000000 612.811275
57.000000 603.765627
58.000000 630.635637
59.000000 624.329269
60.000000 544.498680
61.000000 534.226589
62.000000 604.916116
63.000000 619.453867
64.000000 621.649565
65.000000 649.246321
66.000000 590.636897
67.000000 496.931417
68.000000 426.266256
69.000000 437.396678
70.000000 519.509839
71.000000 612.502777
72.000000 663.271525
73.000000 624.844074
74.000000 619.310536
75.000000 635.187733
76.000000 563.931630
77.000000 505.838188
78.000000 546.645764
79.000000 639.246470
80.000000 668.989297
81.000000 610.320069
82.000000 590.528299
83.000000 624.549098
84.000000 618.026082
85.000000 608.367185
86.000000 612.146672
87.000000 634.814704
88.000000 679.882918
89.000000 646.963559
90.000000 583.013526
91.000000 518.089994
92.000000 454.902557
93.000000 394.615728
94.000000 337.342832
95.000000 288.528256
96.000000 263.835753
97.000000 285.093929
98.000000 332.674858
99.000000 389.540200
100.000000 449.368336
101.000000 512.203063
102.000000 576.983955
103.000000 640.966965
104.000000 665.323250
105.000000 621.203845
106.000000 610.311164
107.000000 607.569455
108.000000 623.649107
109.000000 605.808468
110.000000 600.919508
111.000000 650.540103
112.000000 644.041573
113.000000 581.721326
114.000000 562.888226
115.000000 610.615543
116.000000 696.045943
117.000000 747.565011
118.000000 701.130386
119.000000 619.038494
120.000000 548.105685
121.000000 512.489418
122.000000 521.448865
123.000000 572.875340
124.000000 652.069676
125.000000 732.526440
126.000000 791.471614
127.000000 823.661293
128.000000 842.695440
129.000000 832.052932
130.000000 817.776278
131.000000 790.911026
132.000000 747.203738
133.000000 686.313362
134.000000 614.503726
135.000000 545.783927
136.000000 488.809173
137.000000 452.365843
138.000000 439.092545
139.000000 449.360849
140.000000 482.913988
141.000000 537.566606
142.000000 605.117459
143.000000 677.537578
144.000000 740.320617
145.000000 786.325609
146.000000 815.152327
147.000000 830.751859
148.000000 842.695440
149.000000 842.695440
150.000000 842.695440
151.000000 842.695440
152.000000 842.695440
153.000000 842.695440
154.000000 842.695440
155.000000 842.695440
156.000000 842.695440
157.000000 842.695440
158.000000 842.695440
159.000000 842.695440
160.000000 842.695440
161.000000 842.695440
162.000000 842.695440
163.000000 842.695440
164.000000 842.695440
165.000000 842.695440
166.000000 838.484062
167.000000 833.808892
168.000000 825.123595
169.000000 810.162791
170.000000 786.345565
171.000000 751.447933
172.000000 704.630644
173.000000 647.478041
174.000000 584.398205
175.000000 521.782942
176.000000 466.044874
177.000000 426.352755
178.000000 395.365287
179.000000 377.218806
180.000000 371.277130
181.000000 377.218806
182.000000 395.365287
183.000000 426.352755
184.000000 466.044874
185.000000 521.782942
186.000000 584.398205
187.000000 647.478041
188.000000 704.630644
189.000000 751.447933
190.000000 786.345565
191.000000 810.162791
192.000000 825.123595
193.000000 833.808892
194.000000 838.484062
195.000000 842.695440
196.000000 842.695440
197.000000 842.695440
198.000000 842.695440
199.000000 842.695440
200.000000 842.695440
201.000000 842.695440
202.000000 842.695440
203.000000 842.695440
204.000000 842.695440
205.000000 842.695440
206.000000 842.695440
207.000000 842.695440
208.000000 842.695440
209.000000 842.695440
210.000000 842.695440
211.000000 842.695440
212.000000 842.695440
213.000000 842.695440
214.000000 842.695440
215.000000 842.695440
216.000000 842.695440
217.000000 842.695440
218.000000 832.952877
219.000000 820.847681
220.000000 798.453428
221.000000 761.833338
222.000000 709.298213
223.000000 643.790128
224.000000 573.480043
225.000000 509.093980
226.000000 459.442466
227.000000 428.900603
228.000000 418.419641
229.000000 427.933900
230.000000 457.512071
231.000000 506.305398
232.000000 570.150911
233.000000 640.423489
234.000000 706.387407
235.000000 759.660685
236.000000 797.039082
237.000000 820.037612
238.000000 832.541911
239.000000 842.695440
240.000000 842.695440
241.000000 842.695440
242.000000 842.695440
243.000000 842.695440
244.000000 842.695440
245.000000 842.695440
246.000000 842.695440
247.000000 842.695440
248.000000 842.695440
249.000000 842.695440
250.000000 842.695440
251.000000 842.695440
252.000000 842.695440
253.000000 842.695440
254.000000 842.695440
255.000000 842.695440
256.000000 842.695440
257.000000 842.695440
258.000000 842.695440
259.000000 842.695440
260.000000 842.695440
261.000000 842.695440
262.000000 842.695440
263.000000 834.049420
264.000000 825.553978
265.000000 810.875560
266.000000 787.434111
267.000000 752.973776
268.000000 706.582288
269.000000 649.740777
270.000000 586.761203
271.000000 523.996038
272.000000 467.900268
273.000000 427.724584
274.000000 396.257935
275.000000 377.655804
276.000000 371.284680
277.000000 376.802059
278.000000 394.508392
279.000000 425.041936
280.000000 464.284118
281.000000 519.697611
282.000000 582.187602
283.000000 645.376735
284.000000 702.831961
285.000000 750.052748
286.000000 785.358359
287.000000 809.521829
288.000000 824.739924
289.000000 833.596373
290.000000 838.374811
291.000000 842.695440
292.000000 842.695440
293.000000 842.695440
294.000000 842.695440
295.000000 842.695440
296.000000 842.695440
297.000000 842.695440
298.000000 842.695440
299.000000 842.695440
300.000000 842.695440
301.000000 842.695440
302.000000 842.695440
303.000000 842.695440
304.000000 842.695440
305.000000 842.695440
306.000000 842.695440
307.000000 842.695440
308.000000 842.695440
309.000000 831.067615
310.000000 815.786780
311.000000 787.429800
312.000000 741.970465
313.000000 679.630070
314.000000 607.342377
315.000000 539.501714
316.000000 484.289852
317.000000 450.045616
318.000000 439.057460
319.000000 451.607212
320.000000 487.353503
321.000000 543.772391
322.000000 612.220886
323.000000 684.191560
324.000000 745.548391
325.000000 789.813493
326.000000 817.150907
327.000000 831.744058
328.000000 842.695440
329.000000 823.565406
330.000000 791.255083
331.000000 732.160582
332.000000 651.619817
333.000000 572.491622
334.000000 521.266712
335.000000 512.574166
336.000000 548.460116
337.000000 619.576999
338.000000 701.643339
339.000000 747.550928
340.000000 695.470789
341.000000 610.139691
342.000000 562.796590
343.000000 582.002240
344.000000 644.550503
345.000000 650.658443
346.000000 600.268092
347.000000 605.080581
348.000000 624.221251
349.000000 607.796224
350.000000 610.574143
351.000000 597.892979
352.000000 580.515441
353.000000 567.839271
354.000000 566.480471
355.000000 515.076242
356.000000 452.074995
357.000000 392.058729
358.000000 335.030358
359.000000 280.530170
