0.000000 27222.348700
1.000000 28446.654535
2.000000 31562.625919
3.000000 35327.136018
4.000000 39407.658996
5.000000 43865.892061
6.000000 48200.617211
7.000000 51884.458816
8.000000 54769.988372
9.000000 56728.260984
10.000000 57819.168876
11.000000 58067.507153
12.000000 58192.425598
13.000000 57972.595299
14.000000 56310.181818
15.000000 56707.353125
16.000000 58127.262250
17.000000 57151.712392
18.000000 53879.068545
19.000000 51938.297753
20.000000 53976.905708
21.000000 57249.508711
22.000000 58500.930486
23.000000 58560.270594
24.000000 57501.434592
25.000000 54647.848737
26.000000 50412.416816
27.000000 46554.703813
28.000000 45675.482818
29.000000 48471.261363
30.000000 52885.194596
31.000000 56570.160825
32.000000 58593.664203
33.000000 59075.023066
34.000000 57896.637381
35.000000 55606.829681
36.000000 55533.948781
37.000000 58030.032580
38.000000 59240.940094
39.000000 59100.479202
40.000000 59383.328985
41.000000 58848.331249
42.000000 57115.115072
43.000000 54079.183322
44.000000 50156.960962
45.000000 45782.317045
46.000000 41577.348193
47.000000 38146.200987
48.000000 36581.340332
49.000000 37806.627284
50.000000 41076.641517
51.000000 45221.564502
52.000000 49677.378717
53.000000 53782.792205
54.000000 57014.188687
55.000000 58999.998822
56.000000 59806.318858
57.000000 59701.673969
58.000000 59852.682673
59.000000 58945.822450
60.000000 56483.341723
61.000000 56180.877949
62.000000 58351.491209
63.000000 59861.503862
64.000000 59571.654159
65.000000 57765.865923
66.000000 54045.777214
67.000000 49752.391608
68.000000 46981.221908
69.000000 47353.128203
70.000000 50635.248293
71.000000 54999.387453
72.000000 58384.052141
73.000000 59678.894470
74.000000 59875.217443
75.000000 58926.366932
76.000000 55662.333946
77.000000 53613.854473
78.000000 54923.067621
79.000000 58148.447002
80.000000 59706.734389
81.000000 58604.851843
82.000000 58319.790581
83.000000 59515.657871
84.000000 59914.773563
85.000000 59758.832632
86.000000 59586.759348
87.000000 58581.878025
88.000000 56681.065741
89.000000 53632.287822
90.000000 49376.643967
91.000000 44848.625079
92.000000 40496.051767
93.000000 36670.559895
94.000000 33076.120516
95.000000 30254.232374
96.000000 28973.621993
97.000000 29989.745898
98.000000 32673.219714
99.000000 36209.865249
100.000000 39990.185475
101.000000 44310.080453
102.000000 48825.622108
103.000000 53075.477226
104.000000 56159.853141
105.000000 58124.072230
106.000000 59186.746602
107.000000 59411.070649
108.000000 59608.194495
109.000000 58696.428766
110.000000 58217.599380
111.000000 59174.070652
112.000000 58195.387326
113.000000 55200.099745
114.000000 54094.164580
115.000000 56421.310947
116.000000 58863.388596
117.000000 59208.350751
118.000000 58007.934182
119.000000 54871.021752
120.000000 50563.755784
121.000000 47696.258124
122.000000 48382.982168
123.000000 52083.894847
124.000000 56137.203420
125.000000 58504.516031
126.000000 58868.938834
127.000000 57235.808291
128.000000 56521.039453
129.000000 58057.593570
130.000000 59071.049474
131.000000 58838.541532
132.000000 57893.327833
133.000000 55596.568865
134.000000 52074.958338
135.000000 47795.251671
136.000000 43301.171246
137.000000 39484.069387
138.000000 37816.044894
139.000000 39459.657020
140.000000 43265.124478
141.000000 47711.853672
142.000000 51895.055579
143.000000 55361.363973
144.000000 57578.441663
145.000000 58347.404086
146.000000 58502.662622
147.000000 57483.755236
148.000000 55801.444335
149.000000 56489.006633
150.000000 58042.546045
151.000000 57706.666180
152.000000 55363.088219
153.000000 51454.634919
154.000000 47441.290442
155.000000 46569.750377
156.000000 49699.707072
157.000000 53954.749509
158.000000 56868.016651
159.000000 58021.196214
160.000000 57519.540356
161.000000 55193.640722
162.000000 52543.115254
163.000000 53724.025053
164.000000 56797.134532
165.000000 57632.424068
166.000000 56356.744837
167.000000 56808.958319
168.000000 57951.557321
169.000000 57762.167254
170.000000 57589.368966
171.000000 56498.474358
172.000000 54600.490670
173.000000 51767.661455
174.000000 48141.036629
175.000000 43870.910098
176.000000 39420.175048
177.000000 35338.115118
178.000000 31572.264733
179.000000 28450.838892
180.000000 27222.368077
181.000000 28442.473529
182.000000 31560.514378
183.000000 35326.302262
184.000000 39407.637241
185.000000 43865.878225
186.000000 48200.565610
187.000000 51883.540545
188.000000 54767.931591
189.000000 56725.979774
190.000000 57817.968759
191.000000 58066.713601
192.000000 58192.782129
193.000000 57972.737430
194.000000 56309.694876
195.000000 56707.322609
196.000000 58127.565195
197.000000 57152.318709
198.000000 53879.278001
199.000000 51938.269709
200.000000 53976.740806
201.000000 57249.481274
202.000000 58501.767958
203.000000 58558.438256
204.000000 57500.107278
205.000000 54647.268043
206.000000 50411.635262
207.000000 46553.976675
208.000000 45675.855997
209.000000 48472.284838
210.000000 52887.129738
211.000000 56572.603686
212.000000 58594.289895
213.000000 59079.278881
214.000000 57898.212657
215.000000 55607.647155
216.000000 55536.271139
217.000000 58032.399604
218.000000 59238.799697
219.000000 59098.396456
220.000000 59385.688008
221.000000 58845.043721
222.000000 57103.237138
223.000000 54071.836336
224.000000 50154.312875
225.000000 45781.272917
226.000000 41575.326994
227.000000 38142.914617
228.000000 36581.029183
229.000000 37810.150914
230.000000 41079.080551
231.000000 45222.753864
232.000000 49678.549685
233.000000 53787.580640
234.000000 57025.929713
235.000000 59012.724417
236.000000 59817.771433
237.000000 59701.081767
238.000000 59844.148639
239.000000 58941.003872
240.000000 56482.208475
241.000000 56184.484489
242.000000 58353.654505
243.000000 59868.424997
244.000000 59557.251588
245.000000 57754.915629
246.000000 54042.895290
247.000000 49749.080356
248.000000 46983.187611
249.000000 47360.316923
250.000000 50639.256291
251.000000 55002.571347
252.000000 58395.146023
253.000000 59692.775390
254.000000 59865.102155
255.000000 58919.374735
256.000000 55659.523376
257.000000 53613.331507
258.000000 54925.799716
259.000000 58151.863630
260.000000 59709.497074
261.000000 58608.112374
262.000000 58311.517304
263.000000 59514.892583
264.000000 59915.590059
265.000000 59755.587078
266.000000 59581.816211
267.000000 58579.284266
268.000000 56681.607296
269.000000 53633.252786
270.000000 49376.817179
271.000000 44848.926651
272.000000 40496.660036
273.000000 36672.061932
274.000000 33078.807423
275.000000 30254.306129
276.000000 28973.643107
277.000000 29989.841888
278.000000 32674.962811
279.000000 36209.767853
280.000000 39989.540316
281.000000 44309.738483
282.000000 48825.437192
283.000000 53072.836940
284.000000 56157.174990
285.000000 58123.643163
286.000000 59182.368834
287.000000 59409.491718
288.000000 59607.986097
289.000000 58695.309395
290.000000 58213.954699
291.000000 59175.733764
292.000000 58198.210590
293.000000 55201.548732
294.000000 54093.712037
295.000000 56419.538016
296.000000 58857.893370
297.000000 59210.521094
298.000000 58016.129513
299.000000 54873.360193
300.000000 50565.770186
301.000000 47697.225080
302.000000 48381.312292
303.000000 52082.268983
304.000000 56131.583295
305.000000 58493.961904
306.000000 58867.865210
307.000000 57233.706753
308.000000 56520.347481
309.000000 58056.113150
310.000000 59065.201028
311.000000 58848.797273
312.000000 57910.168342
313.000000 55607.455026
314.000000 52082.039742
315.000000 47798.049590
316.000000 43305.376090
317.000000 39489.558319
318.000000 37816.035258
319.000000 39454.399489
320.000000 43261.289228
321.000000 47709.655918
322.000000 51891.205423
323.000000 55349.528640
324.000000 57570.697055
325.000000 58340.798656
326.000000 58497.950916
327.000000 57481.507936
328.000000 55801.948891
329.000000 56493.395538
330.000000 58049.022070
331.000000 57712.918648
332.000000 55368.828846
333.000000 51457.573262
334.000000 47443.689908
335.000000 46568.473669
336.000000 49697.400968
337.000000 53951.526801
338.000000 56863.141573
339.000000 58018.453563
340.000000 57520.288399
341.000000 55194.600607
342.000000 52543.295978
343.000000 53723.653762
344.000000 56796.853305
345.000000 57632.429029
346.000000 56355.919206
347.000000 56809.009785
348.000000 57951.361483
349.000000 57762.012537
350.000000 57589.214668
351.000000 56497.795141
352.000000 54599.354839
353.000000 51768.030630
354.000000 48141.365839
355.000000 43870.941917
356.000000 39420.202929
357.000000 35338.938032
358.000000 31574.078373
359.000000 28454.101327
