0.000000 227.048879
1.000000 248.199481
2.000000 289.847823
3.000000 332.283696
4.000000 377.197237
5.000000 425.056753
6.000000 467.703232
7.000000 470.736632
8.000000 475.693525
9.000000 490.146403
10.000000 497.639715
11.000000 497.423650
12.000000 503.390978
13.000000 505.824361
14.000000 455.910458
15.000000 465.844084
16.000000 488.639014
17.000000 490.744955
18.000000 452.248270
19.000000 417.530668
20.000000 451.938275
21.000000 477.416103
22.000000 486.968544
23.000000 492.284435
24.000000 486.653842
25.000000 486.204297
26.000000 435.635950
27.000000 363.970827
28.000000 345.488384
29.000000 402.373799
30.000000 469.814085
31.000000 482.691877
32.000000 487.942783
33.000000 483.121947
34.000000 470.169444
35.000000 440.543583
36.000000 440.769732
37.000000 477.140198
38.000000 477.969646
39.000000 462.919469
40.000000 491.682327
41.000000 491.896598
42.000000 477.561198
43.000000 458.287347
44.000000 451.242473
45.000000 408.210182
46.000000 352.312311
47.000000 298.551651
48.000000 268.717625
49.000000 293.540732
50.000000 347.493828
51.000000 404.105976
52.000000 460.586612
53.000000 491.680532
54.000000 483.747293
55.000000 490.981328
56.000000 500.769291
57.000000 493.765188
58.000000 514.871726
59.000000 510.098813
60.000000 447.862416
61.000000 439.977340
62.000000 494.723071
63.000000 506.004179
64.000000 507.777892
65.000000 529.769239
66.000000 483.870390
67.000000 411.229481
68.000000 357.777154
69.000000 366.118479
70.000000 428.567651
71.000000 501.090472
72.000000 540.979509
73.000000 510.355202
74.000000 505.925066
75.000000 518.554869
76.000000 462.811740
77.000000 417.983797
78.000000 449.450712
79.000000 522.193844
80.000000 545.428614
81.000000 498.695724
82.000000 483.106991
83.000000 509.631987
84.000000 504.890655
85.000000 497.271061
86.000000 500.139911
87.000000 518.236976
88.000000 554.287422
89.000000 528.311392
90.000000 477.686414
91.000000 427.372329
92.000000 379.330234
93.000000 334.184935
94.000000 291.548783
95.000000 254.455693
96.000000 234.701528
97.000000 251.770037
98.000000 288.055617
99.000000 330.405936
100.000000 375.155951
101.000000 422.850374
102.000000 472.958396
103.000000 523.491875
104.000000 542.471120
105.000000 507.391622
106.000000 498.686967
107.000000 496.746878
108.000000 509.081225
109.000000 495.090352
110.000000 491.407393
111.000000 530.385878
112.000000 525.050639
113.000000 475.851797
114.000000 461.076383
115.000000 498.708370
116.000000 567.524605
117.000000 609.833376
118.000000 571.462712
119.000000 504.905871
120.000000 448.875998
121.000000 421.256523
122.000000 428.172819
123.000000 468.284483
124.000000 531.478296
125.000000 597.568861
126.000000 647.394724
127.000000 675.300436
128.000000 692.337533
129.000000 682.701935
130.000000 670.107231
131.000000 646.808129
132.000000 609.624856
133.000000 558.965630
134.000000 500.698716
135.000000 446.359068
136.000000 402.275535
137.000000 374.522355
138.000000 364.493822
139.000000 372.248405
140.000000 397.763408
141.000000 439.946764
142.000000 493.194002
143.000000 551.762185
144.000000 603.835873
145.000000 642.869517
146.000000 667.812009
147.000000 681.544784
148.000000 692.337533
149.000000 692.337533
150.000000 692.337533
151.000000 692.337533
152.000000 692.337533
153.000000 692.337533
154.000000 692.337533
155.000000 692.337533
156.000000 692.337533
157.000000 692.337533
158.000000 692.337533
159.000000 692.337533
160.000000 692.337533
161.000000 692.337533
162.000000 692.337533
163.000000 692.337533
164.000000 692.337533
165.000000 692.337533
166.000000 688.465756
167.000000 684.261145
168.000000 676.543140
169.000000 663.412255
170.000000 642.787926
171.000000 613.026691
172.000000 573.798982
173.000000 526.869843
174.000000 476.215149
175.000000 427.075382
176.000000 384.257750
177.000000 354.300797
178.000000 331.118721
179.000000 317.611570
180.000000 313.195199
181.000000 317.611570
182.000000 331.118721
183.000000 354.300797
184.000000 384.257750
185.000000 427.075382
186.000000 476.215149
187.000000 526.869843
188.000000 573.798982
189.000000 613.026691
190.000000 642.787926
191.000000 663.412255
192.000000 676.543140
193.000000 684.261145
194.000000 688.465756
195.000000 692.337533
196.000000 692.337533
197.000000 692.337533
198.000000 692.337533
199.000000 692.337533
200.000000 692.337533
201.000000 692.337533
202.000000 692.337533
203.000000 692.337533
204.000000 692.337533
205.000000 692.337533
206.000000 692.337533
207.000000 692.337533
208.000000 692.337533
209.000000 692.337533
210.000000 692.337533
211.000000 692.337533
212.000000 692.337533
213.000000 692.337533
214.000000 692.337533
215.000000 692.337533
216.000000 692.337533
217.000000 692.337533
218.000000 683.501952
219.000000 672.793593
220.000000 653.290305
221.000000 621.947127
222.000000 577.876773
223.000000 524.173665
224.000000 467.947716
225.000000 417.685162
226.000000 379.689540
227.000000 356.621050
228.000000 348.751810
229.000000 355.894298
230.000000 378.225015
231.000000 415.534007
232.000000 465.320511
233.000000 521.448725
234.000000 575.462195
235.000000 620.105015
236.000000 652.068381
237.000000 672.082137
238.000000 683.135470
239.000000 692.337533
240.000000 692.337533
241.000000 692.337533
242.000000 692.337533
243.000000 692.337533
244.000000 692.337533
245.000000 692.337533
246.000000 692.337533
247.000000 692.337533
248.000000 692.337533
249.000000 692.337533
250.000000 692.337533
251.000000 692.337533
252.000000 692.337533
253.000000 692.337533
254.000000 692.337533
255.000000 692.337533
256.000000 692.337533
257.000000 692.337533
258.000000 692.337533
259.000000 692.337533
260.000000 692.337533
261.000000 692.337533
262.000000 692.337533
263.000000 684.476355
264.000000 676.923574
265.000000 664.034271
266.000000 643.724424
267.000000 614.318046
268.000000 575.419606
269.000000 528.708793
270.000000 478.091676
271.000000 428.793171
272.000000 385.669597
273.000000 355.331452
274.000000 331.784197
275.000000 317.936467
276.000000 313.200809
277.000000 317.301740
278.000000 330.480008
279.000000 353.316359
280.000000 382.918743
281.000000 425.458023
282.000000 474.461109
283.000000 525.163466
284.000000 572.306461
285.000000 611.846662
286.000000 641.939076
287.000000 662.853172
288.000000 676.204146
289.000000 684.071077
290.000000 688.366860
291.000000 692.337533
292.000000 692.337533
293.000000 692.337533
294.000000 692.337533
295.000000 692.337533
296.000000 692.337533
297.000000 692.337533
298.000000 692.337533
299.000000 692.337533
300.000000 692.337533
301.000000 692.337533
302.000000 692.337533
303.000000 692.337533
304.000000 692.337533
305.000000 692.337533
306.000000 692.337533
307.000000 692.337533
308.000000 692.337533
309.000000 681.825392
310.000000 668.366519
311.000000 643.817062
312.000000 605.221932
313.000000 553.477625
314.000000 494.970636
315.000000 441.455136
316.000000 398.815681
317.000000 372.766398
318.000000 364.467367
319.000000 373.948081
320.000000 401.160542
321.000000 444.787670
322.000000 498.871166
323.000000 557.221817
324.000000 608.231102
325.000000 645.864515
326.000000 669.559747
327.000000 682.427008
328.000000 692.337533
329.000000 675.216204
330.000000 647.209032
331.000000 597.263648
332.000000 531.114286
333.000000 467.982545
334.000000 428.031996
335.000000 421.321847
336.000000 449.152546
337.000000 505.336582
338.000000 571.884006
339.000000 609.822068
340.000000 567.055195
341.000000 498.330087
342.000000 461.004724
343.000000 476.072913
344.000000 525.461154
345.000000 530.475768
346.000000 490.880376
347.000000 494.507710
348.000000 509.531056
349.000000 496.958992
350.000000 499.151453
351.000000 489.304774
352.000000 475.578893
353.000000 465.418341
354.000000 464.396929
355.000000 425.056753
356.000000 377.197237
357.000000 332.283696
358.000000 289.847823
359.000000 248.199481
