1003.229313
1003.229313
1003.229313
1003.229313
1003.229313
1003.229313
1003.229313
1003.229313
1003.229313
1003.229313
1003.229313
1003.229313
1003.229313
1003.229313
1003.229313
1003.229313
719.697118
723.510056
719.697118
719.697118
721.894803
725.724998
721.894803
1003.229313
719.697118
723.510056
719.697118
719.697118
719.697118
721.894803
721.894803
1003.229313
704.296961
707.865360
703.787916
706.432222
706.928606
706.432222
721.894803
1003.229313
704.296961
707.865360
703.787916
706.139004
708.156775
704.083596
719.697118
1003.229313
703.359398
706.914736
703.144228
703.152667
707.220207
706.432222
721.894803
1003.229313
691.519372
694.689305
690.901850
691.115026
709.286247
706.139004
719.697118
1003.229313
691.489972
692.631661
690.794425
691.291632
707.220207
704.083596
721.894803
1003.229313
662.803402
665.101331
662.002822
691.362711
707.215347
706.139004
719.697118
1003.229313
