0.000000 301.593975
1.000000 339.095253
2.000000 419.917016
3.000000 503.688685
4.000000 589.280370
5.000000 676.340052
6.000000 751.754328
7.000000 757.931271
8.000000 764.995428
9.000000 787.994904
10.000000 801.022240
11.000000 800.819132
12.000000 809.982652
13.000000 814.134929
14.000000 728.476085
15.000000 746.703897
16.000000 562.528815
17.000000 565.074860
18.000000 518.845421
19.000000 476.893118
20.000000 518.558874
21.000000 549.123588
22.000000 560.399131
23.000000 566.735624
24.000000 560.179163
25.000000 559.615494
26.000000 498.566900
27.000000 411.402008
28.000000 388.638174
29.000000 458.348393
30.000000 539.873704
31.000000 555.444552
32.000000 561.572781
33.000000 555.798183
34.000000 540.423855
35.000000 504.688818
36.000000 504.910695
37.000000 548.794621
38.000000 549.675063
39.000000 531.322764
40.000000 565.953360
41.000000 566.185986
42.000000 549.117103
43.000000 526.280929
44.000000 517.878628
45.000000 465.590290
46.000000 369.286988
47.000000 310.807129
48.000000 278.507387
49.000000 305.365390
50.000000 364.040362
51.000000 425.514705
52.000000 486.553116
53.000000 520.122659
54.000000 511.556666
55.000000 519.288296
56.000000 529.841581
57.000000 522.291988
58.000000 544.972964
59.000000 539.796125
60.000000 472.781140
61.000000 464.255606
62.000000 523.307886
63.000000 535.465227
64.000000 537.357832
65.000000 560.903677
66.000000 511.550297
67.000000 433.222315
68.000000 375.227363
69.000000 384.297121
70.000000 451.964363
71.000000 530.041463
72.000000 572.894525
73.000000 540.110405
74.000000 535.372764
75.000000 548.902080
76.000000 539.271661
77.000000 484.272226
78.000000 522.899903
79.000000 610.940441
80.000000 639.176291
81.000000 583.215138
82.000000 564.385173
83.000000 596.668932
84.000000 590.577914
85.000000 581.383825
86.000000 584.944133
87.000000 606.579971
88.000000 649.607799
89.000000 618.280487
90.000000 557.374847
91.000000 495.858548
92.000000 436.270728
93.000000 379.653346
94.000000 326.018177
95.000000 280.228251
96.000000 256.886766
97.000000 276.993764
98.000000 321.647061
99.000000 374.895671
100.000000 431.062434
101.000000 490.292392
102.000000 551.645172
103.000000 612.548194
104.000000 635.656701
105.000000 593.593396
106.000000 883.614595
107.000000 878.544893
108.000000 902.394617
109.000000 877.036855
110.000000 869.394573
111.000000 939.015996
112.000000 930.822416
113.000000 844.594904
114.000000 818.255340
115.000000 884.277838
116.000000 997.093095
117.000000 1062.436172
118.000000 1004.528383
119.000000 897.938430
120.000000 800.456096
121.000000 749.486257
122.000000 762.438764
123.000000 835.097246
124.000000 941.549162
125.000000 1042.993166
126.000000 1112.575439
127.000000 1148.270959
128.000000 1167.621955
129.000000 1157.188960
130.000000 1142.113244
131.000000 1112.418357
132.000000 1061.743264
133.000000 987.382266
134.000000 894.656247
135.000000 800.735603
136.000000 811.628559
137.000000 752.323959
138.000000 730.139136
139.000000 747.329326
140.000000 802.191527
141.000000 887.461303
142.000000 986.495852
143.000000 1084.848397
144.000000 1163.832546
145.000000 1217.669171
146.000000 1249.208765
147.000000 1265.206759
148.000000 1276.221754
149.000000 1276.221754
150.000000 1276.221754
151.000000 1276.221754
152.000000 1276.221754
153.000000 1276.221754
154.000000 1276.221754
155.000000 1276.221754
156.000000 1276.221754
157.000000 1276.221754
158.000000 1276.221754
159.000000 1276.221754
160.000000 1276.221754
161.000000 1276.221754
162.000000 1276.221754
163.000000 1276.221754
164.000000 1276.221754
165.000000 1276.221754
166.000000 1378.558951
167.000000 1374.560871
168.000000 1366.624131
169.000000 1352.044878
170.000000 1327.285442
171.000000 1288.468714
172.000000 1232.454572
173.000000 1158.440622
174.000000 1069.564882
175.000000 973.425196
176.000000 880.516982
177.000000 808.949369
178.000000 750.650993
179.000000 715.245722
180.000000 703.446179
181.000000 715.245722
182.000000 750.650993
183.000000 808.949369
184.000000 880.516982
185.000000 973.425196
186.000000 1069.564882
187.000000 1158.440622
188.000000 1232.454572
189.000000 1288.468714
190.000000 1327.285442
191.000000 1352.044878
192.000000 1366.624131
193.000000 1374.560871
194.000000 1378.558951
195.000000 1381.737619
196.000000 1475.262466
197.000000 1475.262466
198.000000 1475.262466
199.000000 1475.262466
200.000000 1475.262466
201.000000 1475.262466
202.000000 1475.262466
203.000000 1475.262466
204.000000 1475.262466
205.000000 1475.262466
206.000000 1475.262466
207.000000 1475.262466
208.000000 1475.262466
209.000000 1475.262466
210.000000 1475.262466
211.000000 1475.262466
212.000000 1475.262466
213.000000 1475.262466
214.000000 1475.262466
215.000000 1475.262466
216.000000 1475.262466
217.000000 1475.262466
218.000000 1468.213912
219.000000 1457.823034
220.000000 1436.593533
221.000000 1398.242215
222.000000 1337.162200
223.000000 1252.061608
224.000000 1149.717737
225.000000 1045.319560
226.000000 836.648706
227.000000 782.580807
228.000000 763.522907
229.000000 780.833956
230.000000 833.294731
231.000000 915.558888
232.000000 1015.762794
233.000000 1117.095949
234.000000 1204.122356
235.000000 1268.601178
236.000000 1310.345418
237.000000 1334.159025
238.000000 1346.179405
239.000000 1354.772233
240.000000 1354.772233
241.000000 1354.772233
242.000000 1354.772233
243.000000 1354.772233
244.000000 1354.772233
245.000000 1354.772233
246.000000 1354.772233
247.000000 1354.772233
248.000000 1354.772233
249.000000 1354.772233
250.000000 1354.772233
251.000000 1354.772233
252.000000 1354.772233
253.000000 1354.772233
254.000000 1354.772233
255.000000 1354.772233
256.000000 1264.275718
257.000000 1264.275718
258.000000 1264.275718
259.000000 1264.275718
260.000000 1264.275718
261.000000 1264.275718
262.000000 1264.275718
263.000000 1256.448707
264.000000 1248.036050
265.000000 1232.803200
266.000000 1207.292401
267.000000 1167.859456
268.000000 1111.793928
269.000000 1038.865810
270.000000 952.704871
271.000000 860.979871
272.000000 773.620182
273.000000 707.159694
274.000000 653.296521
275.000000 620.526142
276.000000 609.142229
277.000000 619.005408
278.000000 650.244118
279.000000 702.643172
280.000000 767.801563
281.000000 854.472182
282.000000 946.223498
283.000000 1033.078207
284.000000 1107.123400
285.000000 1164.425653
286.000000 1476.956517
287.000000 1499.526964
288.000000 1512.530937
289.000000 1519.451085
290.000000 1522.853043
291.000000 1525.435747
292.000000 1525.435747
293.000000 1525.435747
294.000000 1525.435747
295.000000 1525.435747
296.000000 1525.435747
297.000000 1525.435747
298.000000 1525.435747
299.000000 1525.435747
300.000000 1525.435747
301.000000 1525.435747
302.000000 1525.435747
303.000000 1525.435747
304.000000 1525.435747
305.000000 1525.435747
306.000000 1525.435747
307.000000 1525.435747
308.000000 1525.435747
309.000000 1517.464549
310.000000 1504.697375
311.000000 1478.010954
312.000000 1429.768541
313.000000 1354.726728
314.000000 1255.567876
315.000000 1149.697879
316.000000 1252.795489
317.000000 1187.845081
318.000000 1165.969463
319.000000 1190.912566
320.000000 1258.374000
321.000000 1354.642290
322.000000 1456.607403
323.000000 1546.852211
324.000000 1611.415553
325.000000 1650.682107
326.000000 1671.237039
327.000000 1680.521856
328.000000 1685.797265
329.000000 1675.219370
330.000000 1650.616457
331.000000 1594.598832
332.000000 1499.762169
333.000000 1386.030227
334.000000 1300.732484
335.000000 1285.287522
336.000000 1347.210157
337.000000 1456.235473
338.000000 1561.928542
339.000000 1614.068130
340.000000 1551.117926
341.000000 1433.785876
342.000000 1358.603565
343.000000 1390.092826
344.000000 1489.432779
345.000000 1496.522308
346.000000 790.018019
347.000000 796.771883
348.000000 821.852185
349.000000 799.536450
350.000000 803.331770
351.000000 786.644510
352.000000 764.418409
353.000000 748.597945
354.000000 746.459283
355.000000 676.340052
356.000000 589.280370
357.000000 503.688685
358.000000 419.917016
359.000000 339.095253
