0.000000 32305.247102
1.000000 35228.205842
2.000000 42173.244460
3.000000 49539.477956
4.000000 56505.765359
5.000000 63213.990892
6.000000 69069.882475
7.000000 73532.238841
8.000000 76703.512874
9.000000 78642.080359
10.000000 79618.808421
11.000000 79645.106351
12.000000 79693.123821
13.000000 79474.018568
14.000000 77244.656054
15.000000 77817.204631
16.000000 59614.850863
17.000000 58638.375133
18.000000 55102.406037
19.000000 52894.819853
20.000000 55213.637337
21.000000 58728.757970
22.000000 59972.069940
23.000000 60034.299021
24.000000 59079.094086
25.000000 56161.287619
26.000000 51491.112160
27.000000 46887.559404
28.000000 45772.786280
29.000000 49227.130718
30.000000 54257.742728
31.000000 58147.973662
32.000000 60117.892077
33.000000 60544.236293
34.000000 59312.379917
35.000000 56758.172810
36.000000 56673.836332
37.000000 59401.652846
38.000000 60664.447813
39.000000 60447.835114
40.000000 60845.287854
41.000000 60429.361785
42.000000 58797.587170
43.000000 55743.954987
44.000000 51520.950320
45.000000 46446.855606
46.000000 37243.477218
47.000000 32845.942769
48.000000 30729.217088
49.000000 32392.895170
50.000000 36622.199236
51.000000 41582.617183
52.000000 46518.043313
53.000000 50773.741856
54.000000 53928.680346
55.000000 55763.078458
56.000000 56450.479301
57.000000 56255.672975
58.000000 56438.762478
59.000000 55540.588251
60.000000 53017.103493
61.000000 52696.562106
62.000000 54980.203259
63.000000 56488.302595
64.000000 56237.151400
65.000000 54560.374464
66.000000 50844.498051
67.000000 46270.414442
68.000000 43113.584381
69.000000 43549.575696
70.000000 47238.071123
71.000000 51819.296054
72.000000 55158.177373
73.000000 56319.010071
74.000000 56486.380358
75.000000 55594.355749
76.000000 57767.521075
77.000000 55455.044015
78.000000 56945.473538
79.000000 60442.668156
80.000000 62029.130357
81.000000 60782.380128
82.000000 60392.837345
83.000000 61768.766145
84.000000 62180.097742
85.000000 62048.565605
86.000000 62015.780814
87.000000 61144.234399
88.000000 59372.326691
89.000000 56305.386546
90.000000 51732.909736
91.000000 46521.068403
92.000000 41092.453747
93.000000 35888.929852
94.000000 30561.383848
95.000000 26088.446538
96.000000 24025.476085
97.000000 25660.060338
98.000000 29935.828462
99.000000 35230.044273
100.000000 40429.367696
101.000000 45873.253625
102.000000 51119.268552
103.000000 55726.105824
104.000000 58851.658829
105.000000 60701.232608
106.000000 87257.305141
107.000000 87196.719860
108.000000 87433.871602
109.000000 86151.423125
110.000000 85538.155486
111.000000 86932.600380
112.000000 85870.534602
113.000000 82019.581897
114.000000 80506.378542
115.000000 83634.898123
116.000000 86717.244954
117.000000 87049.612871
118.000000 85925.536308
119.000000 82269.153516
120.000000 76567.867175
121.000000 72283.634043
122.000000 73359.540155
123.000000 78661.751667
124.000000 83801.414392
125.000000 86412.750156
126.000000 86698.263987
127.000000 84477.854809
128.000000 83325.417516
129.000000 85565.130941
130.000000 86838.685530
131.000000 86648.680052
132.000000 85928.401539
133.000000 83538.961506
134.000000 79389.766531
135.000000 73689.266589
136.000000 73943.664385
137.000000 66866.902539
138.000000 63252.106229
139.000000 66810.734747
140.000000 73878.067696
141.000000 80867.032463
142.000000 86574.040295
143.000000 90706.335767
144.000000 92993.293727
145.000000 93453.697521
146.000000 93565.321965
147.000000 92281.653296
148.000000 89737.133729
149.000000 90945.804125
150.000000 93157.903327
151.000000 92934.552031
152.000000 90328.916830
153.000000 85254.395594
154.000000 79237.870669
155.000000 77776.420911
156.000000 82736.602038
157.000000 88601.491504
158.000000 92056.195668
159.000000 93133.682900
160.000000 92607.426292
161.000000 89630.034543
162.000000 85870.379248
163.000000 87585.977329
164.000000 91733.140697
165.000000 92650.177957
166.000000 97836.752091
167.000000 98474.735830
168.000000 100189.172622
169.000000 99925.120855
170.000000 100126.646789
171.000000 99255.959824
172.000000 97504.534025
173.000000 94427.586507
174.000000 89911.240416
175.000000 83730.779025
176.000000 76312.187138
177.000000 68300.839907
178.000000 59453.060736
179.000000 50628.469026
180.000000 46664.360901
181.000000 50602.490281
182.000000 59422.854858
183.000000 68275.056430
184.000000 76289.111770
185.000000 83719.889909
186.000000 89998.072720
187.000000 94586.729487
188.000000 97711.680339
189.000000 99520.867260
190.000000 100385.797641
191.000000 100282.852363
192.000000 100292.147393
193.000000 100112.740465
194.000000 97637.967539
195.000000 98292.995260
196.000000 106813.159813
197.000000 105763.806891
198.000000 101370.027209
199.000000 98457.041615
200.000000 101523.902477
201.000000 105837.739175
202.000000 107108.104971
203.000000 107170.943150
204.000000 106430.762942
205.000000 103213.878769
206.000000 97463.241877
207.000000 91267.130309
208.000000 89648.721640
209.000000 94504.535977
210.000000 100920.654984
211.000000 105444.946707
212.000000 107409.838531
213.000000 107755.315612
214.000000 106335.831749
215.000000 102976.733485
216.000000 102856.234734
217.000000 106350.430584
218.000000 107809.956428
219.000000 107329.088871
220.000000 108064.992014
221.000000 107873.460941
222.000000 106364.106531
223.000000 103155.219335
224.000000 98222.924605
225.000000 91773.406888
226.000000 76183.657958
227.000000 69144.739776
228.000000 65379.658679
229.000000 68377.277270
230.000000 75243.047363
231.000000 82482.933748
232.000000 89114.047693
233.000000 94424.300212
234.000000 98018.303402
235.000000 99879.712378
236.000000 100427.717759
237.000000 99903.608857
238.000000 100257.671718
239.000000 99193.487381
240.000000 95877.716363
241.000000 95435.691043
242.000000 98565.221199
243.000000 100436.293012
244.000000 100196.843886
245.000000 98468.696171
246.000000 93984.045613
247.000000 87971.305959
248.000000 83466.930840
249.000000 84119.548266
250.000000 89292.858864
251.000000 95211.768063
252.000000 99181.440601
253.000000 100245.891393
254.000000 100350.871660
255.000000 99433.779879
256.000000 89169.139982
257.000000 86305.355340
258.000000 88167.035964
259.000000 92380.707857
260.000000 94175.577194
261.000000 92545.618809
262.000000 91951.022596
263.000000 93765.640179
264.000000 94214.207697
265.000000 94091.475573
266.000000 94269.067863
267.000000 93507.879727
268.000000 91784.649672
269.000000 88481.142210
270.000000 83208.706268
271.000000 76887.503643
272.000000 69954.583812
273.000000 62908.148595
274.000000 55202.892315
275.000000 48128.440721
276.000000 44554.865786
277.000000 47408.831412
278.000000 54254.800177
279.000000 61982.128616
280.000000 69077.961854
281.000000 76076.722280
282.000000 82480.254423
283.000000 87827.136087
284.000000 91215.426995
285.000000 93043.499140
286.000000 111677.434740
287.000000 111445.408059
288.000000 111721.875160
289.000000 110327.929122
290.000000 109683.914161
291.000000 111247.726719
292.000000 110243.243727
293.000000 106237.306294
294.000000 104626.251945
295.000000 107931.515772
296.000000 111093.199860
297.000000 111371.660766
298.000000 110430.831239
299.000000 106835.021343
300.000000 100915.716509
301.000000 96258.535252
302.000000 97447.056590
303.000000 103117.218895
304.000000 108361.335575
305.000000 110838.162609
306.000000 111064.373793
307.000000 108695.767460
308.000000 107389.328780
309.000000 109847.831480
310.000000 111134.653118
311.000000 110983.036336
312.000000 110492.162151
313.000000 108305.353000
314.000000 104245.555363
315.000000 98364.556671
316.000000 103240.691353
317.000000 95435.574224
318.000000 91156.546110
319.000000 95356.945456
320.000000 103161.433648
321.000000 110371.648465
322.000000 115920.522136
323.000000 119668.376291
324.000000 121568.946805
325.000000 121733.360781
326.000000 121832.946979
327.000000 120630.107673
328.000000 117954.540709
329.000000 119294.161087
330.000000 121547.040971
331.000000 121424.160269
332.000000 119139.289124
333.000000 114251.015384
334.000000 108068.820790
335.000000 106485.334234
336.000000 111710.059883
337.000000 117517.057313
338.000000 120679.520020
339.000000 121487.452150
340.000000 121072.611964
341.000000 118211.589075
342.000000 114375.038110
343.000000 116142.005694
344.000000 120274.235654
345.000000 121079.109045
346.000000 77396.740470
347.000000 77979.610350
348.000000 79524.495545
349.000000 79302.335921
350.000000 79361.893292
351.000000 78381.879261
352.000000 76501.638564
353.000000 73383.595463
354.000000 68990.818054
355.000000 63223.102226
356.000000 56526.105455
357.000000 49561.258112
358.000000 42197.249927
359.000000 35246.028055
