0.000000 244.562548
1.000000 308.414087
2.000000 435.281980
3.000000 551.247424
4.000000 655.633128
5.000000 751.724204
6.000000 829.453232
7.000000 835.087231
8.000000 840.609582
9.000000 861.292486
10.000000 873.023100
11.000000 871.919785
12.000000 880.086749
13.000000 885.446841
14.000000 800.307570
15.000000 819.568966
16.000000 619.001016
17.000000 621.842329
18.000000 565.888929
19.000000 513.496447
20.000000 565.887735
21.000000 603.346334
22.000000 616.107651
23.000000 623.338706
24.000000 616.525759
25.000000 615.091063
26.000000 538.927508
27.000000 422.840646
28.000000 389.935854
29.000000 487.166406
30.000000 590.822364
31.000000 610.920935
32.000000 617.626713
33.000000 610.825890
34.000000 592.890001
35.000000 548.535564
36.000000 548.624801
37.000000 602.693212
38.000000 603.690247
39.000000 580.750096
40.000000 622.277497
41.000000 622.805909
42.000000 603.277626
43.000000 576.827333
44.000000 565.564163
45.000000 496.835986
46.000000 357.236263
47.000000 261.072023
48.000000 205.177167
49.000000 251.644692
50.000000 348.702341
51.000000 440.987928
52.000000 523.616192
53.000000 567.591298
54.000000 557.563106
55.000000 566.454744
56.000000 579.254926
57.000000 569.678091
58.000000 596.942709
59.000000 590.042244
60.000000 506.787843
61.000000 495.677329
62.000000 570.421276
63.000000 585.880102
64.000000 588.092970
65.000000 615.242326
66.000000 554.617869
67.000000 452.927673
68.000000 370.061268
69.000000 383.544130
70.000000 478.154199
71.000000 577.206383
72.000000 629.085009
73.000000 591.132196
74.000000 585.626828
75.000000 601.222190
76.000000 590.373327
77.000000 523.111852
78.000000 570.623513
79.000000 672.128849
80.000000 704.055142
81.000000 642.147944
82.000000 620.713034
83.000000 658.259432
84.000000 650.581878
85.000000 640.340028
86.000000 644.922158
87.000000 668.821847
88.000000 716.059394
89.000000 681.441347
90.000000 612.426541
91.000000 536.942410
92.000000 457.014299
93.000000 373.442964
94.000000 285.680517
95.000000 206.011501
96.000000 165.860044
97.000000 200.382952
98.000000 278.250878
99.000000 366.060746
100.000000 449.726713
101.000000 529.852374
102.000000 605.709278
103.000000 675.242683
104.000000 701.391087
105.000000 654.638520
106.000000 951.645679
107.000000 945.545063
108.000000 968.364515
109.000000 944.065045
110.000000 936.200605
111.000000 1000.889290
112.000000 993.855359
113.000000 914.370288
114.000000 889.727663
115.000000 950.813344
116.000000 1050.664691
117.000000 1106.643508
118.000000 1057.782036
119.000000 964.845044
120.000000 875.215337
121.000000 826.290215
122.000000 838.868867
123.000000 907.629553
124.000000 1003.425499
125.000000 1089.754808
126.000000 1145.964926
127.000000 1173.385538
128.000000 1187.150505
129.000000 1180.012315
130.000000 1168.949825
131.000000 1146.266200
132.000000 1106.026754
133.000000 1044.528516
134.000000 964.242335
135.000000 878.522793
136.000000 891.517112
137.000000 835.408342
138.000000 813.922776
139.000000 830.595760
140.000000 882.711601
141.000000 960.726074
142.000000 1047.479228
143.000000 1129.791228
144.000000 1193.325650
145.000000 1235.122420
146.000000 1258.774450
147.000000 1270.335039
148.000000 1277.784380
149.000000 1277.784380
150.000000 1277.784380
151.000000 1277.784380
152.000000 1277.784380
153.000000 1277.784380
154.000000 1277.784380
155.000000 1277.784380
156.000000 1277.784380
157.000000 1277.784380
158.000000 1277.784380
159.000000 1277.784380
160.000000 1277.784380
161.000000 1277.784380
162.000000 1277.784380
163.000000 1277.784380
164.000000 1277.784380
165.000000 1277.784380
166.000000 1362.349883
167.000000 1359.625218
168.000000 1354.057682
169.000000 1343.560383
170.000000 1325.307187
171.000000 1296.053625
172.000000 1252.904196
173.000000 1194.508420
174.000000 1122.384005
175.000000 1041.688830
176.000000 960.642446
177.000000 895.431254
178.000000 840.781306
179.000000 806.713604
180.000000 795.201890
181.000000 806.713604
182.000000 840.781306
183.000000 895.431254
184.000000 960.642446
185.000000 1041.688830
186.000000 1122.384005
187.000000 1194.508420
188.000000 1252.904196
189.000000 1296.053625
190.000000 1325.307187
191.000000 1343.560383
192.000000 1354.057682
193.000000 1359.625218
194.000000 1362.349883
195.000000 1364.399620
196.000000 1440.555464
197.000000 1440.555464
198.000000 1440.555464
199.000000 1440.555464
200.000000 1440.555464
201.000000 1440.555464
202.000000 1440.555464
203.000000 1440.555464
204.000000 1440.555464
205.000000 1440.555464
206.000000 1440.555464
207.000000 1440.555464
208.000000 1440.555464
209.000000 1440.555464
210.000000 1440.555464
211.000000 1440.555464
212.000000 1440.555464
213.000000 1440.555464
214.000000 1440.555464
215.000000 1440.555464
216.000000 1440.555464
217.000000 1440.555464
218.000000 1435.776512
219.000000 1428.352549
220.000000 1412.759491
221.000000 1383.922425
222.000000 1337.025559
223.000000 1270.280194
224.000000 1187.992266
225.000000 1101.545288
226.000000 917.397316
227.000000 867.238281
228.000000 849.220860
229.000000 865.594380
230.000000 914.325210
231.000000 988.291422
232.000000 1074.873067
233.000000 1159.038690
234.000000 1228.839645
235.000000 1279.010697
236.000000 1310.583246
237.000000 1328.071196
238.000000 1336.614170
239.000000 1342.360891
240.000000 1342.360891
241.000000 1342.360891
242.000000 1342.360891
243.000000 1342.360891
244.000000 1342.360891
245.000000 1342.360891
246.000000 1342.360891
247.000000 1342.360891
248.000000 1342.360891
249.000000 1342.360891
250.000000 1342.360891
251.000000 1342.360891
252.000000 1342.360891
253.000000 1342.360891
254.000000 1342.360891
255.000000 1342.360891
256.000000 1267.901748
257.000000 1267.901748
258.000000 1267.901748
259.000000 1267.901748
260.000000 1267.901748
261.000000 1267.901748
262.000000 1267.901748
263.000000 1262.701584
264.000000 1256.773444
265.000000 1245.719928
266.000000 1226.694189
267.000000 1196.492497
268.000000 1152.353465
269.000000 1093.153564
270.000000 1020.662109
271.000000 940.179953
272.000000 859.841919
273.000000 795.489161
274.000000 741.500329
275.000000 707.607127
276.000000 695.632476
277.000000 706.013635
278.000000 738.378351
279.000000 791.038853
280.000000 854.346609
281.000000 934.327143
282.000000 1015.092204
283.000000 1088.371875
284.000000 1148.620940
285.000000 1193.826573
286.000000 1446.032827
287.000000 1462.807717
288.000000 1472.307303
289.000000 1477.261553
290.000000 1479.641346
291.000000 1481.369611
292.000000 1481.369611
293.000000 1481.369611
294.000000 1481.369611
295.000000 1481.369611
296.000000 1481.369611
297.000000 1481.369611
298.000000 1481.369611
299.000000 1481.369611
300.000000 1481.369611
301.000000 1481.369611
302.000000 1481.369611
303.000000 1481.369611
304.000000 1481.369611
305.000000 1481.369611
306.000000 1481.369611
307.000000 1481.369611
308.000000 1481.369611
309.000000 1475.849834
310.000000 1466.566953
311.000000 1446.662678
312.000000 1409.932737
313.000000 1351.758133
314.000000 1273.385575
315.000000 1187.639833
316.000000 1269.691336
317.000000 1216.837555
318.000000 1198.898272
319.000000 1219.347238
320.000000 1274.204538
321.000000 1351.538034
322.000000 1432.634772
323.000000 1503.973821
324.000000 1554.936078
325.000000 1585.863437
326.000000 1601.942451
327.000000 1609.112551
328.000000 1613.072168
329.000000 1605.011798
330.000000 1585.714553
331.000000 1541.350769
332.000000 1466.044449
333.000000 1375.378722
334.000000 1306.810857
335.000000 1294.320483
336.000000 1344.251833
337.000000 1431.415740
338.000000 1515.472305
339.000000 1557.087747
340.000000 1506.568706
341.000000 1412.787906
342.000000 1352.412572
343.000000 1377.748415
344.000000 1457.715037
345.000000 1463.276825
346.000000 860.353302
347.000000 867.613699
348.000000 892.549098
349.000000 870.252775
350.000000 875.160222
351.000000 859.992102
352.000000 839.977805
353.000000 825.765573
354.000000 824.362747
355.000000 751.724204
356.000000 655.633128
357.000000 551.247424
358.000000 435.281980
359.000000 308.414087
