0.000000 49548.617098
1.000000 51375.965974
2.000000 55440.745015
3.000000 59578.530218
4.000000 63435.489017
5.000000 67146.185571
6.000000 70408.911726
7.000000 72938.518117
8.000000 74771.174702
9.000000 75925.211499
10.000000 76526.678106
11.000000 76588.769323
12.000000 76629.698356
13.000000 76498.022756
14.000000 75300.474509
15.000000 75602.377558
16.000000 65591.726054
17.000000 65051.101397
18.000000 63123.694621
19.000000 61907.906218
20.000000 63183.090589
21.000000 65103.618511
22.000000 65793.901209
23.000000 65824.453250
24.000000 65269.490433
25.000000 63652.909076
26.000000 61074.778804
27.000000 58488.254866
28.000000 57849.828645
29.000000 59810.583510
30.000000 62606.711436
31.000000 64752.165066
32.000000 65855.093672
33.000000 66104.697886
34.000000 65435.257536
35.000000 64058.423956
36.000000 64013.729791
37.000000 65494.907022
38.000000 66180.202399
39.000000 66075.140616
40.000000 66266.731007
41.000000 66004.224256
42.000000 65074.072152
43.000000 63366.611548
44.000000 61023.943591
45.000000 58184.902423
46.000000 52939.542078
47.000000 50212.867821
48.000000 48798.281625
49.000000 49919.006503
50.000000 52565.996064
51.000000 55489.357304
52.000000 58298.198083
53.000000 60678.454993
54.000000 62443.641007
55.000000 63483.218046
56.000000 63893.449376
57.000000 63813.331461
58.000000 63908.633625
59.000000 63419.337015
60.000000 62037.512962
61.000000 61862.066063
62.000000 63106.203082
63.000000 63927.538881
64.000000 63776.583094
65.000000 62835.843320
66.000000 60775.213809
67.000000 58207.713019
68.000000 56388.373206
69.000000 56643.410674
70.000000 58756.501617
71.000000 61316.109670
72.000000 63166.704677
73.000000 63829.652869
74.000000 63931.914815
75.000000 63438.445976
76.000000 64595.256232
77.000000 63327.759775
78.000000 64146.326113
79.000000 66049.826060
80.000000 66919.485018
81.000000 66269.744135
82.000000 66075.375256
83.000000 66793.509794
84.000000 67013.462000
85.000000 66928.267190
86.000000 66872.518675
87.000000 66353.477066
88.000000 65333.830808
89.000000 63610.364458
90.000000 61067.010271
91.000000 58159.126106
92.000000 55083.836298
93.000000 52058.956805
94.000000 48807.284817
95.000000 45833.155116
96.000000 44299.884600
97.000000 45526.893009
98.000000 48408.947404
99.000000 51667.012683
100.000000 54703.269574
101.000000 57795.420660
102.000000 60725.760755
103.000000 63287.646760
104.000000 65043.551544
105.000000 66104.670339
106.000000 80878.934901
107.000000 80894.724923
108.000000 81030.465260
109.000000 80336.966123
110.000000 79996.209599
111.000000 80740.656618
112.000000 80121.430048
113.000000 77987.880317
114.000000 77160.629955
115.000000 78876.779058
116.000000 80596.347967
117.000000 80796.292426
118.000000 80110.045155
119.000000 78016.329649
120.000000 74854.822538
121.000000 72523.387536
122.000000 73106.242587
123.000000 76007.048815
124.000000 78885.665413
125.000000 80403.883497
126.000000 80588.446580
127.000000 79371.425012
128.000000 78759.538336
129.000000 79970.218588
130.000000 80682.308411
131.000000 80563.210475
132.000000 80090.070158
133.000000 78672.309872
134.000000 76287.762921
135.000000 73090.832754
136.000000 73260.057745
137.000000 69390.147299
138.000000 67426.757112
139.000000 69359.628022
140.000000 73224.058200
141.000000 77120.848389
142.000000 80384.623078
143.000000 82819.518509
144.000000 84216.672012
145.000000 84551.564654
146.000000 84623.249500
147.000000 83881.850066
148.000000 82471.729924
149.000000 83125.275113
150.000000 84366.566497
151.000000 84211.916575
152.000000 82654.055682
153.000000 79742.649317
154.000000 76406.409917
155.000000 75610.515315
156.000000 78333.978869
157.000000 81649.106552
158.000000 83680.997320
159.000000 84357.903031
160.000000 84036.677769
161.000000 82324.272157
162.000000 80227.471119
163.000000 81178.257828
164.000000 83526.352113
165.000000 84076.323088
166.000000 87276.077963
167.000000 87648.204940
168.000000 88641.313450
169.000000 88491.901417
170.000000 88563.468410
171.000000 87981.874420
172.000000 86845.082878
173.000000 84920.597009
174.000000 82174.246462
175.000000 78532.912980
176.000000 74282.739445
177.000000 69797.442571
178.000000 64927.481499
179.000000 60089.947855
180.000000 57882.803044
181.000000 60075.732183
182.000000 64910.921394
183.000000 69783.126263
184.000000 74269.642697
185.000000 78526.291698
186.000000 82222.787908
187.000000 85013.634419
188.000000 86968.965281
189.000000 88140.892353
190.000000 88722.060106
191.000000 88709.223128
192.000000 88724.007394
193.000000 88602.905237
194.000000 87176.026766
195.000000 87541.778455
196.000000 92806.630444
197.000000 92130.681601
198.000000 89474.472386
199.000000 87782.972415
200.000000 89564.753734
201.000000 92178.358527
202.000000 93006.371406
203.000000 93049.262597
204.000000 92520.935959
205.000000 90479.939713
206.000000 87017.224824
207.000000 83463.780500
208.000000 82561.533544
209.000000 85299.770001
210.000000 89077.411619
211.000000 91880.634707
212.000000 93171.250440
213.000000 93413.333783
214.000000 92524.317793
215.000000 90529.454599
216.000000 90459.537137
217.000000 92543.300257
218.000000 93458.086860
219.000000 93200.596194
220.000000 93615.903914
221.000000 93449.785481
222.000000 92431.347985
223.000000 90366.874897
224.000000 87315.434476
225.000000 83479.279713
226.000000 74530.236036
227.000000 70679.346264
228.000000 68636.247206
229.000000 70262.789576
230.000000 74011.389347
231.000000 78049.966327
232.000000 81850.731978
233.000000 84992.108453
234.000000 87193.707013
235.000000 88382.303711
236.000000 88761.037035
237.000000 88496.229722
238.000000 88678.713585
239.000000 88035.369911
240.000000 86123.995259
241.000000 85874.582526
242.000000 87656.969376
243.000000 88767.936092
244.000000 88609.965307
245.000000 87513.053268
246.000000 84839.816677
247.000000 81402.343539
248.000000 78908.807830
249.000000 79266.747604
250.000000 82146.847113
251.000000 85559.499830
252.000000 87949.179053
253.000000 88654.087350
254.000000 88728.615363
255.000000 88146.347740
256.000000 82091.842838
257.000000 80501.971183
258.000000 81532.599463
259.000000 83913.791130
260.000000 84967.951639
261.000000 84071.167520
262.000000 83760.102714
263.000000 84762.017424
264.000000 85022.039571
265.000000 84943.974283
266.000000 84995.889403
267.000000 84493.571651
268.000000 83405.579159
269.000000 81403.373814
270.000000 78314.599507
271.000000 74699.760933
272.000000 70808.110421
273.000000 66913.009951
274.000000 62677.869198
275.000000 58759.463898
276.000000 56720.173855
277.000000 58353.702016
278.000000 62156.131508
279.000000 66403.355665
280.000000 70320.299388
281.000000 74241.184089
282.000000 77893.782987
283.000000 81017.379984
284.000000 83065.501864
285.000000 84213.638993
286.000000 95962.224171
287.000000 95865.033330
288.000000 96031.800743
289.000000 95178.125215
290.000000 94776.981106
291.000000 95712.963197
292.000000 95050.701475
293.000000 92586.990942
294.000000 91630.065334
295.000000 93612.030923
296.000000 95588.502845
297.000000 95793.162894
298.000000 95127.925771
299.000000 92814.235629
300.000000 89221.687514
301.000000 86528.433233
302.000000 87205.577572
303.000000 90533.734509
304.000000 93782.033455
305.000000 95413.947451
306.000000 95579.141092
307.000000 94123.611322
308.000000 93353.625017
309.000000 94832.839197
310.000000 95645.150286
311.000000 95546.391996
312.000000 95161.516482
313.000000 93692.168050
314.000000 91077.931593
315.000000 87454.631246
316.000000 90717.542194
317.000000 86115.537401
318.000000 83710.042218
319.000000 86069.805191
320.000000 90668.375039
321.000000 95188.048766
322.000000 98877.045040
323.000000 101502.532139
324.000000 102899.330418
325.000000 103084.893842
326.000000 103149.600388
327.000000 102313.612857
328.000000 100564.184671
329.000000 101418.798847
330.000000 102926.270549
331.000000 102819.785116
332.000000 101174.698626
333.000000 97881.879329
334.000000 94007.518791
335.000000 93058.784918
336.000000 96254.331989
337.000000 100053.982839
338.000000 102273.268754
339.000000 102896.986081
340.000000 102579.922294
341.000000 100619.071392
342.000000 98146.225971
343.000000 99266.515531
344.000000 102018.570559
345.000000 102600.327112
346.000000 75371.128984
347.000000 75687.787431
348.000000 76516.703463
349.000000 76396.375604
350.000000 76382.806323
351.000000 75779.889558
352.000000 74659.007042
353.000000 72856.927775
354.000000 70366.598372
355.000000 67151.328294
356.000000 63446.747022
357.000000 59590.654193
358.000000 55454.564152
359.000000 51387.011678
