0.000000 33964.183882
1.000000 36172.351028
2.000000 40868.647721
3.000000 46501.582544
4.000000 51994.564384
5.000000 57259.791697
6.000000 62766.473966
7.000000 67213.727869
8.000000 70474.881608
9.000000 72562.062138
10.000000 73712.143830
11.000000 73944.693868
12.000000 74065.106876
13.000000 73852.101880
14.000000 71761.553168
15.000000 72282.633383
16.000000 55084.464178
17.000000 54287.545669
18.000000 51448.534725
19.000000 49624.188543
20.000000 51536.766497
21.000000 54366.282445
22.000000 55368.284317
23.000000 55434.884072
24.000000 54477.977957
25.000000 52137.292906
26.000000 48351.520104
27.000000 44661.655764
28.000000 43874.655479
29.000000 46463.059445
30.000000 50611.243220
31.000000 53735.713492
32.000000 55382.019177
33.000000 55851.077533
34.000000 54941.587232
35.000000 52941.875007
36.000000 52875.481171
37.000000 55072.789512
38.000000 56035.710698
39.000000 55963.302091
40.000000 56173.683840
41.000000 55581.615803
42.000000 54077.021383
43.000000 51610.867283
44.000000 48216.010481
45.000000 44061.799713
46.000000 37287.458119
47.000000 34076.744332
48.000000 32399.668918
49.000000 33722.618590
50.000000 36854.781992
51.000000 40202.730463
52.000000 44041.194791
53.000000 47514.720535
54.000000 50072.475472
55.000000 51570.001921
56.000000 52155.414334
57.000000 52104.311737
58.000000 52302.846679
59.000000 51629.850655
60.000000 49562.270615
61.000000 49297.766106
62.000000 51131.406590
63.000000 52283.488025
64.000000 52054.178460
65.000000 50694.848763
66.000000 47671.860920
67.000000 43894.640645
68.000000 41668.037521
69.000000 41967.707693
70.000000 44657.627871
71.000000 48471.743234
72.000000 51176.242610
73.000000 52127.397537
74.000000 52291.291786
75.000000 51626.048366
76.000000 53742.123278
77.000000 51843.197737
78.000000 53072.369496
79.000000 55891.597724
80.000000 57182.730149
81.000000 56319.620508
82.000000 56087.769454
83.000000 57100.473198
84.000000 57413.199469
85.000000 57286.783720
86.000000 57049.534604
87.000000 56060.249641
88.000000 54341.191891
89.000000 51876.792187
90.000000 48219.553501
91.000000 44012.812391
92.000000 39652.583632
93.000000 36246.467260
94.000000 32500.510703
95.000000 28994.208210
96.000000 27486.142785
97.000000 28684.830247
98.000000 32030.913906
99.000000 35801.366906
100.000000 39220.473121
101.000000 43484.944455
102.000000 47726.944877
103.000000 51410.132565
104.000000 53919.452723
105.000000 55635.002172
106.000000 81831.865677
107.000000 81994.594890
108.000000 82214.229466
109.000000 81039.831731
110.000000 80429.794390
111.000000 81676.358756
112.000000 80519.108318
113.000000 76731.296360
114.000000 75248.744960
115.000000 78315.008301
116.000000 81330.046107
117.000000 81758.573574
118.000000 80330.251920
119.000000 76598.371079
120.000000 70961.245144
121.000000 67012.061228
122.000000 67911.622315
123.000000 73022.216202
124.000000 78139.751938
125.000000 80932.106397
126.000000 81342.535949
127.000000 79258.507826
128.000000 78223.258074
129.000000 80312.159380
130.000000 81568.865910
131.000000 81336.224382
132.000000 80282.187477
133.000000 77556.934218
134.000000 73321.209286
135.000000 67678.321676
136.000000 68026.515634
137.000000 61961.848697
138.000000 59036.401877
139.000000 61920.478709
140.000000 67962.292265
141.000000 74839.843280
142.000000 80601.030234
143.000000 85256.681861
144.000000 88046.746324
145.000000 88793.681774
146.000000 88933.041538
147.000000 87521.160433
148.000000 85071.381880
149.000000 86165.504857
150.000000 88413.899996
151.000000 88083.451532
152.000000 85014.293695
153.000000 79741.145870
154.000000 73801.516120
155.000000 72392.913989
156.000000 77239.807992
157.000000 83115.206731
158.000000 87031.026878
159.000000 88401.122605
160.000000 87750.622300
161.000000 84558.452165
162.000000 80845.487405
163.000000 82534.755611
164.000000 86769.716522
165.000000 87857.155842
166.000000 93922.227911
167.000000 94633.840581
168.000000 96538.947573
169.000000 96278.698918
170.000000 96366.658581
171.000000 95125.423354
172.000000 92768.690877
173.000000 88897.566231
174.000000 83496.010826
175.000000 76862.756848
176.000000 69455.911652
177.000000 61692.229488
178.000000 54703.731543
179.000000 47721.118080
180.000000 44978.552378
181.000000 47700.879386
182.000000 54680.469704
183.000000 61668.110407
184.000000 69433.357582
185.000000 76852.112203
186.000000 83584.766864
187.000000 89077.596572
188.000000 93012.204370
189.000000 95439.797399
190.000000 96680.349940
191.000000 96699.660841
192.000000 96742.445926
193.000000 96470.215269
194.000000 93745.266444
195.000000 94436.509022
196.000000 104437.699627
197.000000 103102.432396
198.000000 97910.198434
199.000000 94626.637601
200.000000 98083.357048
201.000000 103203.372669
202.000000 104842.708792
203.000000 104914.990542
204.000000 103864.857713
205.000000 99796.272305
206.000000 92997.359229
207.000000 86395.216256
208.000000 84764.276742
209.000000 89720.880549
210.000000 97040.899197
211.000000 102583.388658
212.000000 105140.940024
213.000000 105636.166958
214.000000 103886.855178
215.000000 100014.726313
216.000000 99881.126572
217.000000 103938.493100
218.000000 105730.292790
219.000000 105242.370563
220.000000 106009.715080
221.000000 105649.373652
222.000000 103641.766318
223.000000 99476.685283
224.000000 93437.575304
225.000000 86011.818945
226.000000 70259.710168
227.000000 64160.231115
228.000000 61124.844064
229.000000 63543.924747
230.000000 69343.322857
231.000000 76461.917824
232.000000 83181.796203
233.000000 89244.130254
234.000000 93627.763255
235.000000 96062.030403
236.000000 96889.316193
237.000000 96436.814881
238.000000 96753.855399
239.000000 95477.508699
240.000000 91806.853631
241.000000 91341.877718
242.000000 94730.616941
243.000000 96912.872093
244.000000 96573.321436
245.000000 94346.564490
246.000000 89076.540431
247.000000 82777.965147
248.000000 78325.072892
249.000000 78965.172075
250.000000 84104.534957
251.000000 90490.366727
252.000000 95211.442552
253.000000 96682.015488
254.000000 96852.900278
255.000000 95665.460583
256.000000 84240.371254
257.000000 81402.162221
258.000000 83243.562929
259.000000 87544.756699
260.000000 89615.643177
261.000000 87984.089368
262.000000 87491.716277
263.000000 89223.330822
264.000000 89764.964253
265.000000 89611.570824
266.000000 89620.856877
267.000000 88540.332164
268.000000 86301.309225
269.000000 82289.888639
270.000000 76663.439424
271.000000 70308.000660
272.000000 63506.825396
273.000000 57490.132991
274.000000 51428.001308
275.000000 45958.389482
276.000000 43505.843065
277.000000 45465.041868
278.000000 50675.778119
279.000000 56753.583059
280.000000 62656.844738
281.000000 69505.834226
282.000000 75921.215316
283.000000 81536.970691
284.000000 85630.172113
285.000000 87987.416968
286.000000 110388.197243
287.000000 110256.860123
288.000000 110602.501066
289.000000 108981.976684
290.000000 108207.268108
291.000000 110004.814662
292.000000 108714.306885
293.000000 103896.582964
294.000000 102023.362327
295.000000 105900.957958
296.000000 109744.242877
297.000000 110110.117419
298.000000 108807.411453
299.000000 104267.587063
300.000000 97201.655928
301.000000 92073.576626
302.000000 93304.222190
303.000000 99778.402930
304.000000 106185.011205
305.000000 109351.327549
306.000000 109712.390520
307.000000 106904.552801
308.000000 105430.973039
309.000000 108275.872138
310.000000 109837.997000
311.000000 109615.271404
312.000000 108803.887171
313.000000 105922.492027
314.000000 100730.356192
315.000000 93597.261470
316.000000 99153.777397
317.000000 90453.136293
318.000000 86169.993733
319.000000 90370.478609
320.000000 99058.903935
321.000000 107937.361781
322.000000 115044.254954
323.000000 120139.817851
324.000000 122931.142044
325.000000 123147.958904
326.000000 123201.688588
327.000000 121546.082812
328.000000 118262.018891
329.000000 119888.618014
330.000000 122796.420435
331.000000 122687.176733
332.000000 119475.465038
333.000000 113214.508562
334.000000 105661.934001
335.000000 103811.215042
336.000000 110049.911968
337.000000 117331.357330
338.000000 121609.116653
339.000000 122865.542628
340.000000 122152.276607
341.000000 118403.712802
342.000000 113709.164866
343.000000 115863.327471
344.000000 121033.316251
345.000000 122168.918307
346.000000 71858.267887
347.000000 72424.095977
348.000000 73845.256966
349.000000 73585.559277
350.000000 73456.184857
351.000000 72300.766210
352.000000 70275.056450
353.000000 67068.932746
354.000000 62689.018775
355.000000 57266.133472
356.000000 52010.416272
357.000000 46518.819255
358.000000 40884.080718
359.000000 36185.411550
