0.000000 32010.411494
1.000000 34844.085903
2.000000 41465.809466
3.000000 48496.985557
4.000000 55247.968384
5.000000 61871.642391
6.000000 67744.305938
7.000000 72324.356679
8.000000 75664.126380
9.000000 77782.373348
10.000000 78893.105006
11.000000 79022.256569
12.000000 79112.517065
13.000000 78865.039000
14.000000 76691.978390
15.000000 77247.505546
16.000000 59162.008478
17.000000 58176.865062
18.000000 54666.522180
19.000000 52465.845794
20.000000 54774.277495
21.000000 58276.683321
22.000000 59538.728127
23.000000 59596.648127
24.000000 58578.460493
25.000000 55640.739565
26.000000 50999.011534
27.000000 46422.831548
28.000000 45317.320855
29.000000 48746.427892
30.000000 53751.729922
31.000000 57641.060308
32.000000 59658.414490
33.000000 60117.840030
34.000000 58892.888381
35.000000 56385.887133
36.000000 56305.143735
37.000000 59010.307623
38.000000 60262.626399
39.000000 60075.619234
40.000000 60420.671901
41.000000 59934.279636
42.000000 58233.718610
43.000000 55131.379135
44.000000 50928.858644
45.000000 45933.519615
46.000000 36992.700998
47.000000 32690.588308
48.000000 30599.814884
49.000000 32245.063473
50.000000 36387.188537
51.000000 41228.283929
52.000000 46067.873718
53.000000 50273.338447
54.000000 53445.146766
55.000000 55331.048899
56.000000 56077.075698
57.000000 55933.899341
58.000000 56104.401065
59.000000 55215.854915
60.000000 52708.471454
61.000000 52393.061079
62.000000 54638.561958
63.000000 56134.116387
64.000000 55860.546302
65.000000 54147.287604
66.000000 50432.876162
67.000000 45876.927656
68.000000 42735.445413
69.000000 43169.078042
70.000000 46841.833925
71.000000 51404.903908
72.000000 54746.814447
73.000000 55956.256052
74.000000 56140.215481
75.000000 55237.532919
76.000000 57339.797740
77.000000 55025.424179
78.000000 56517.631409
79.000000 60012.557300
80.000000 61608.929427
81.000000 60409.119712
82.000000 60056.486820
83.000000 61368.862380
84.000000 61784.530336
85.000000 61628.570709
86.000000 61520.195646
87.000000 60562.002405
88.000000 58696.680875
89.000000 55583.620818
90.000000 51028.554780
91.000000 45904.899374
92.000000 40635.201237
93.000000 35634.970011
94.000000 30519.919811
95.000000 26155.996229
96.000000 24101.537419
97.000000 25732.535500
98.000000 29915.478998
99.000000 35003.706794
100.000000 39995.863978
101.000000 45273.002211
102.000000 50421.433989
103.000000 54998.625300
104.000000 58164.375604
105.000000 60102.085441
106.000000 86586.832760
107.000000 86635.228402
108.000000 86881.329545
109.000000 85641.671483
110.000000 85033.179891
111.000000 86372.958498
112.000000 85256.339205
113.000000 81377.494049
114.000000 79850.958266
115.000000 83004.644755
116.000000 86113.481380
117.000000 86464.236756
118.000000 85228.860696
119.000000 81447.185876
120.000000 75650.433777
121.000000 71331.925578
122.000000 72411.673126
123.000000 77774.049570
124.000000 83019.715502
125.000000 85751.206384
126.000000 86093.023145
127.000000 83899.526090
128.000000 82794.131732
129.000000 84975.937923
130.000000 86260.199691
131.000000 86035.321420
132.000000 85167.319850
133.000000 82603.079308
134.000000 78290.212652
135.000000 72485.135618
136.000000 72521.345417
137.000000 65470.949102
138.000000 61917.690882
139.000000 65415.187720
140.000000 72455.200379
141.000000 79534.703608
142.000000 85403.653643
143.000000 89741.486416
144.000000 92223.711052
145.000000 92829.901507
146.000000 92966.705897
147.000000 91656.074794
148.000000 89156.895630
149.000000 90316.377409
150.000000 92512.782885
151.000000 92232.820788
152.000000 89482.708352
153.000000 84268.661650
154.000000 78168.863648
155.000000 76701.957833
156.000000 81706.527054
157.000000 87691.621490
158.000000 91295.664670
159.000000 92494.632338
160.000000 91935.572702
161.000000 88900.427153
162.000000 85115.026109
163.000000 86843.429476
164.000000 91029.168607
165.000000 91998.871621
166.000000 97259.870365
167.000000 97895.588273
168.000000 99592.203639
169.000000 99345.978863
170.000000 99444.241188
171.000000 98417.883222
172.000000 96428.073082
173.000000 93066.250141
174.000000 88244.409626
175.000000 81803.614381
176.000000 74219.814636
177.000000 66223.247072
178.000000 57618.146319
179.000000 49202.474287
180.000000 45437.495758
181.000000 49178.155470
182.000000 57589.199157
183.000000 66198.042462
184.000000 74196.591952
185.000000 81792.793516
186.000000 88331.623484
187.000000 93228.710647
188.000000 96641.986676
189.000000 98691.438665
190.000000 99712.723589
191.000000 99710.836798
192.000000 99752.589062
193.000000 99527.832542
194.000000 97076.986081
195.000000 97718.814107
196.000000 106268.840032
197.000000 105151.881576
198.000000 100649.864099
199.000000 97689.267215
200.000000 100803.007717
201.000000 105234.392479
202.000000 106610.180231
203.000000 106672.957445
204.000000 105790.609331
205.000000 102371.054351
206.000000 96401.803617
207.000000 90064.824547
208.000000 88430.565984
209.000000 93360.708798
210.000000 99983.747175
211.000000 104730.146579
212.000000 106870.331530
213.000000 107272.987798
214.000000 105792.651571
215.000000 102401.758401
216.000000 102282.898574
217.000000 105826.647275
218.000000 107342.373214
219.000000 106907.948891
220.000000 107592.019936
221.000000 107308.001901
222.000000 105612.732870
223.000000 102136.208064
224.000000 96912.236806
225.000000 90184.805156
226.000000 74562.903986
227.000000 67563.913373
228.000000 63872.038474
229.000000 66808.046485
230.000000 73619.237919
231.000000 80944.840925
232.000000 87769.801157
233.000000 93319.786082
234.000000 97165.255408
235.000000 99228.873532
236.000000 99898.464678
237.000000 99454.165109
238.000000 99776.141944
239.000000 98667.346089
240.000000 95312.465276
241.000000 94869.984688
242.000000 98011.249734
243.000000 99932.745881
244.000000 99651.018788
245.000000 97762.759053
246.000000 93085.628870
247.000000 86910.821727
248.000000 82343.008765
249.000000 83001.237940
250.000000 88261.871241
251.000000 94355.632350
252.000000 98513.464152
253.000000 99730.812167
254.000000 99871.131095
255.000000 98873.338685
256.000000 88503.738873
257.000000 85601.505184
258.000000 87487.260515
259.000000 91766.883202
260.000000 93623.743042
261.000000 92047.756266
262.000000 91493.374649
263.000000 93255.350003
264.000000 93720.139736
265.000000 93566.583219
266.000000 93638.969205
267.000000 92728.999944
268.000000 90782.227734
269.000000 87219.559104
270.000000 81696.968300
271.000000 75195.141018
272.000000 68188.645725
273.000000 61220.816645
274.000000 53736.020804
275.000000 46939.086665
276.000000 43507.176695
277.000000 46248.484486
278.000000 52822.335630
279.000000 60314.852762
280.000000 67313.343149
281.000000 74369.984377
282.000000 80941.986546
283.000000 86528.442985
284.000000 90175.753765
285.000000 92229.288498
286.000000 111193.196157
287.000000 111045.773490
288.000000 111326.234450
289.000000 109949.566712
290.000000 109299.620944
291.000000 110826.185562
292.000000 109750.272668
293.000000 105664.275966
294.000000 104025.779669
295.000000 107389.472019
296.000000 110634.379066
297.000000 110942.329116
298.000000 109877.258602
299.000000 106077.664718
300.000000 99953.740347
301.000000 95200.406119
302.000000 96407.026626
303.000000 102222.167995
304.000000 107679.428499
305.000000 110329.943792
306.000000 110604.429352
307.000000 108213.537479
308.000000 106921.662598
309.000000 109373.620957
310.000000 110701.552023
311.000000 110528.947338
312.000000 109898.352097
313.000000 107493.337854
314.000000 103146.744000
315.000000 96959.486317
316.000000 101634.804916
317.000000 93616.725861
318.000000 89329.158083
319.000000 93538.242301
320.000000 101552.875988
321.000000 109133.257369
322.000000 115046.741408
323.000000 119085.974043
324.000000 121173.935889
325.000000 121430.386828
326.000000 121536.190662
327.000000 120282.468555
328.000000 117583.158455
329.000000 118921.392269
330.000000 121218.650076
331.000000 121063.688280
332.000000 118612.052171
333.000000 113474.336141
334.000000 107092.420561
335.000000 105480.017843
336.000000 110835.710889
337.000000 116894.630466
338.000000 120263.794746
339.000000 121177.480538
340.000000 120723.160049
341.000000 117748.023005
342.000000 113835.126120
343.000000 115633.859715
344.000000 119878.969098
345.000000 120743.746804
346.000000 76822.464776
347.000000 77394.674308
348.000000 78892.098040
349.000000 78674.377451
350.000000 78631.673773
351.000000 77514.936198
352.000000 75458.958317
353.000000 72175.190603
354.000000 67664.574865
355.000000 61879.688028
356.000000 55267.726882
357.000000 48517.786497
358.000000 41488.821254
359.000000 34861.335847
