0.000000 250.660102
1.000000 311.983629
2.000000 430.928265
3.000000 539.449766
4.000000 639.711092
5.000000 733.891012
6.000000 810.711186
7.000000 816.839866
8.000000 823.821092
9.000000 846.352524
10.000000 858.985712
11.000000 858.789441
12.000000 867.623098
13.000000 871.611680
14.000000 787.404110
15.000000 805.683103
16.000000 609.310499
17.000000 612.237571
18.000000 557.877378
19.000000 506.044392
20.000000 557.531944
21.000000 593.775895
22.000000 606.856443
23.000000 614.142942
24.000000 606.602676
25.000000 605.952144
26.000000 533.148661
27.000000 419.151456
28.000000 386.859492
29.000000 482.248395
30.000000 582.931877
31.000000 601.127052
32.000000 608.209491
33.000000 601.536928
34.000000 583.579776
35.000000 540.675733
36.000000 540.947515
37.000000 593.392014
38.000000 594.419138
39.000000 572.812749
40.000000 613.245848
41.000000 613.512693
42.000000 593.768330
43.000000 566.802386
44.000000 556.711459
45.000000 491.610704
46.000000 358.407393
47.000000 266.091615
48.000000 211.198657
49.000000 257.003531
50.000000 350.523318
51.000000 438.585739
52.000000 518.214912
53.000000 559.415741
54.000000 549.055800
55.000000 558.411046
56.000000 571.050457
57.000000 562.023546
58.000000 588.922850
59.000000 582.840483
60.000000 500.818043
61.000000 489.892075
62.000000 563.242617
63.000000 577.726462
64.000000 579.964187
65.000000 607.438304
66.000000 549.048060
67.000000 449.023612
68.000000 367.244812
69.000000 380.560192
70.000000 473.918120
71.000000 571.288439
72.000000 621.182196
73.000000 583.210680
74.000000 577.617022
75.000000 593.517425
76.000000 582.222434
77.000000 515.354598
78.000000 562.753206
79.000000 663.783377
80.000000 694.499560
81.000000 632.885658
82.000000 611.445393
83.000000 647.974759
84.000000 641.166332
85.000000 630.817259
86.000000 634.835260
87.000000 658.974240
88.000000 705.670185
89.000000 671.838045
90.000000 603.362591
91.000000 529.801075
92.000000 453.118877
93.000000 373.769045
94.000000 291.058132
95.000000 214.165787
96.000000 174.069879
97.000000 208.587542
98.000000 283.951665
99.000000 366.753816
100.000000 446.110792
101.000000 522.886584
102.000000 596.714119
103.000000 665.551989
104.000000 690.709625
105.000000 644.541668
106.000000 937.130550
107.000000 932.423157
108.000000 954.475564
109.000000 931.020788
110.000000 923.898989
111.000000 987.899506
112.000000 980.465272
113.000000 900.610229
114.000000 875.561022
115.000000 937.745593
116.000000 1039.925060
117.000000 1097.208120
118.000000 1046.506184
119.000000 950.372893
120.000000 858.438572
121.000000 808.455072
122.000000 821.297824
123.000000 891.616350
124.000000 990.192952
125.000000 1080.289513
126.000000 1140.393550
127.000000 1170.785316
128.000000 1187.150505
129.000000 1178.336514
130.000000 1165.561906
131.000000 1140.259190
132.000000 1096.606908
133.000000 1031.303804
134.000000 947.345963
135.000000 858.708717
136.000000 869.205169
137.000000 811.277325
138.000000 789.080574
139.000000 806.306608
140.000000 860.115214
141.000000 940.695145
142.000000 1030.515357
143.000000 1116.588022
144.000000 1183.951595
145.000000 1229.152920
146.000000 1255.409812
147.000000 1268.672649
148.000000 1277.784380
149.000000 1277.784380
150.000000 1277.784380
151.000000 1277.784380
152.000000 1277.784380
153.000000 1277.784380
154.000000 1277.784380
155.000000 1277.784380
156.000000 1277.784380
157.000000 1277.784380
158.000000 1277.784380
159.000000 1277.784380
160.000000 1277.784380
161.000000 1277.784380
162.000000 1277.784380
163.000000 1277.784380
164.000000 1277.784380
165.000000 1277.784380
166.000000 1361.804370
167.000000 1358.539151
168.000000 1352.053946
169.000000 1340.128758
170.000000 1319.835466
171.000000 1287.897106
172.000000 1241.480752
173.000000 1179.395068
174.000000 1103.386205
175.000000 1018.859724
176.000000 934.255601
177.000000 866.629182
178.000000 809.614057
179.000000 774.002499
180.000000 761.950840
181.000000 774.002499
182.000000 809.614057
183.000000 866.629182
184.000000 934.255601
185.000000 1018.859724
186.000000 1103.386205
187.000000 1179.395068
188.000000 1241.480752
189.000000 1287.897106
190.000000 1319.835466
191.000000 1340.128758
192.000000 1352.053946
193.000000 1358.539151
194.000000 1361.804370
195.000000 1364.399620
196.000000 1440.555464
197.000000 1440.555464
198.000000 1440.555464
199.000000 1440.555464
200.000000 1440.555464
201.000000 1440.555464
202.000000 1440.555464
203.000000 1440.555464
204.000000 1440.555464
205.000000 1440.555464
206.000000 1440.555464
207.000000 1440.555464
208.000000 1440.555464
209.000000 1440.555464
210.000000 1440.555464
211.000000 1440.555464
212.000000 1440.555464
213.000000 1440.555464
214.000000 1440.555464
215.000000 1440.555464
216.000000 1440.555464
217.000000 1440.555464
218.000000 1434.823578
219.000000 1426.373026
220.000000 1409.102173
221.000000 1377.864939
222.000000 1327.937285
223.000000 1257.777522
224.000000 1172.011447
225.000000 1082.319243
226.000000 893.088433
227.000000 841.075238
228.000000 822.368271
229.000000 839.369082
230.000000 889.904609
231.000000 966.549513
232.000000 1056.418037
233.000000 1144.257777
234.000000 1217.826807
235.000000 1271.482245
236.000000 1305.917295
237.000000 1325.474776
238.000000 1335.326218
239.000000 1342.360891
240.000000 1342.360891
241.000000 1342.360891
242.000000 1342.360891
243.000000 1342.360891
244.000000 1342.360891
245.000000 1342.360891
246.000000 1342.360891
247.000000 1342.360891
248.000000 1342.360891
249.000000 1342.360891
250.000000 1342.360891
251.000000 1342.360891
252.000000 1342.360891
253.000000 1342.360891
254.000000 1342.360891
255.000000 1342.360891
256.000000 1267.901748
257.000000 1267.901748
258.000000 1267.901748
259.000000 1267.901748
260.000000 1267.901748
261.000000 1267.901748
262.000000 1267.901748
263.000000 1261.416344
264.000000 1254.436183
265.000000 1241.771022
266.000000 1220.479932
267.000000 1187.350904
268.000000 1139.725029
269.000000 1076.684800
270.000000 1000.265652
271.000000 916.027906
272.000000 832.305308
273.000000 765.754026
274.000000 709.598467
275.000000 674.292320
276.000000 661.802343
277.000000 672.630818
278.000000 706.348633
279.000000 761.127179
280.000000 826.586197
281.000000 909.919025
282.000000 994.418885
283.000000 1071.622059
284.000000 1135.726851
285.000000 1184.452462
286.000000 1441.933044
287.000000 1460.288346
288.000000 1470.867056
289.000000 1476.498334
290.000000 1479.267238
291.000000 1481.369611
292.000000 1481.369611
293.000000 1481.369611
294.000000 1481.369611
295.000000 1481.369611
296.000000 1481.369611
297.000000 1481.369611
298.000000 1481.369611
299.000000 1481.369611
300.000000 1481.369611
301.000000 1481.369611
302.000000 1481.369611
303.000000 1481.369611
304.000000 1481.369611
305.000000 1481.369611
306.000000 1481.369611
307.000000 1481.369611
308.000000 1481.369611
309.000000 1474.881640
310.000000 1464.494033
311.000000 1442.790498
312.000000 1403.547383
313.000000 1342.323653
314.000000 1260.685966
315.000000 1171.994621
316.000000 1258.386419
317.000000 1204.176478
318.000000 1185.755859
319.000000 1206.752470
320.000000 1263.012406
321.000000 1342.254557
322.000000 1425.384309
323.000000 1498.814100
324.000000 1551.598116
325.000000 1583.932478
326.000000 1600.959665
327.000000 1608.678320
328.000000 1613.072168
329.000000 1604.268037
330.000000 1583.878218
331.000000 1537.812262
332.000000 1460.479655
333.000000 1367.903328
334.000000 1298.005658
335.000000 1285.272065
336.000000 1336.170389
337.000000 1425.081801
338.000000 1511.109306
339.000000 1553.775638
340.000000 1502.291487
341.000000 1406.817225
342.000000 1345.495533
343.000000 1371.218251
344.000000 1452.078778
345.000000 1457.844528
346.000000 848.320406
347.000000 854.873904
348.000000 879.001584
349.000000 857.549437
350.000000 861.215972
351.000000 845.037758
352.000000 823.251943
353.000000 807.570591
354.000000 805.439176
355.000000 733.891012
356.000000 639.711092
357.000000 539.449766
358.000000 430.928265
359.000000 311.983629
