0.000000 303.120030
1.000000 341.489146
2.000000 423.654703
3.000000 508.575847
4.000000 594.066105
5.000000 679.791806
6.000000 755.554211
7.000000 761.137597
8.000000 767.889425
9.000000 790.356295
10.000000 802.781157
11.000000 802.195593
12.000000 811.262880
13.000000 816.272762
14.000000 730.575389
15.000000 748.969450
16.000000 564.646895
17.000000 567.329422
18.000000 521.113968
19.000000 479.004572
20.000000 520.890642
21.000000 551.383179
22.000000 562.240545
23.000000 568.573081
24.000000 562.256381
25.000000 562.148294
26.000000 501.112616
27.000000 413.516231
28.000000 390.613328
29.000000 460.732694
30.000000 542.471053
31.000000 557.701878
32.000000 563.473164
33.000000 557.721789
34.000000 542.750227
35.000000 506.859198
36.000000 507.035565
37.000000 551.124448
38.000000 551.910392
39.000000 533.360927
40.000000 568.041650
41.000000 568.057383
42.000000 551.346004
43.000000 528.992759
44.000000 520.873154
45.000000 468.308416
46.000000 371.123715
47.000000 311.900121
48.000000 279.136700
49.000000 306.364911
50.000000 365.793609
51.000000 427.683341
52.000000 489.047311
53.000000 522.606723
54.000000 513.649826
55.000000 521.092088
56.000000 531.271026
57.000000 523.591854
58.000000 546.498440
59.000000 541.768623
60.000000 474.589414
61.000000 466.010976
62.000000 525.315342
63.000000 537.117782
64.000000 538.907725
65.000000 562.912305
66.000000 513.795684
67.000000 435.177537
68.000000 376.925464
69.000000 386.048967
70.000000 454.018464
71.000000 532.272585
72.000000 574.807986
73.000000 541.562414
74.000000 536.860659
75.000000 550.857173
76.000000 541.555314
77.000000 486.437338
78.000000 525.140230
79.000000 613.005297
80.000000 641.046741
81.000000 584.977581
82.000000 566.115015
83.000000 598.667902
84.000000 592.409287
85.000000 583.240586
86.000000 586.873750
87.000000 608.459715
88.000000 651.718744
89.000000 620.914929
90.000000 560.552086
91.000000 499.066626
92.000000 439.000671
93.000000 382.034460
94.000000 327.584520
95.000000 280.906046
96.000000 256.815629
97.000000 277.577900
98.000000 323.142412
99.000000 377.227347
100.000000 433.781205
101.000000 493.481123
102.000000 554.847190
103.000000 615.252603
104.000000 637.837584
105.000000 595.472862
106.000000 884.232498
107.000000 879.024964
108.000000 902.653383
109.000000 877.116490
110.000000 869.388933
111.000000 938.944344
112.000000 930.748902
113.000000 844.523465
114.000000 818.183012
115.000000 884.208368
116.000000 997.032214
117.000000 1062.380565
118.000000 1004.464087
119.000000 897.860521
120.000000 800.370945
121.000000 749.398891
122.000000 762.351880
123.000000 835.014153
124.000000 941.476233
125.000000 1042.938261
126.000000 1112.541845
127.000000 1148.254765
128.000000 1167.621955
129.000000 1157.178258
130.000000 1142.092124
131.000000 1112.381850
132.000000 1061.687696
133.000000 987.307166
134.000000 894.564885
135.000000 800.634361
136.000000 808.042249
137.000000 748.598075
138.000000 726.365587
139.000000 743.592544
140.000000 798.581535
141.000000 884.092596
142.000000 983.492316
143.000000 1082.403376
144.000000 1162.034364
145.000000 1216.491027
146.000000 1248.527564
147.000000 1264.861510
148.000000 1276.221754
149.000000 1276.221754
150.000000 1276.221754
151.000000 1276.221754
152.000000 1276.221754
153.000000 1276.221754
154.000000 1276.221754
155.000000 1276.221754
156.000000 1276.221754
157.000000 1276.221754
158.000000 1276.221754
159.000000 1276.221754
160.000000 1276.221754
161.000000 1276.221754
162.000000 1276.221754
163.000000 1276.221754
164.000000 1276.221754
165.000000 1276.221754
166.000000 1378.379518
167.000000 1374.210822
168.000000 1365.990542
169.000000 1350.979441
170.000000 1325.617141
171.000000 1286.029215
172.000000 1229.113102
173.000000 1154.139892
174.000000 1064.343402
175.000000 967.409912
176.000000 873.884196
177.000000 802.009794
178.000000 743.424304
179.000000 707.852760
180.000000 695.998265
181.000000 707.852760
182.000000 743.424304
183.000000 802.009794
184.000000 873.884196
185.000000 967.409912
186.000000 1064.343402
187.000000 1154.139892
188.000000 1229.113102
189.000000 1286.029215
190.000000 1325.617141
191.000000 1350.979441
192.000000 1365.990542
193.000000 1374.210822
194.000000 1378.379518
195.000000 1381.737619
196.000000 1475.262466
197.000000 1475.262466
198.000000 1475.262466
199.000000 1475.262466
200.000000 1475.262466
201.000000 1475.262466
202.000000 1475.262466
203.000000 1475.262466
204.000000 1475.262466
205.000000 1475.262466
206.000000 1475.262466
207.000000 1475.262466
208.000000 1475.262466
209.000000 1475.262466
210.000000 1475.262466
211.000000 1475.262466
212.000000 1475.262466
213.000000 1475.262466
214.000000 1475.262466
215.000000 1475.262466
216.000000 1475.262466
217.000000 1475.262466
218.000000 1467.927990
219.000000 1457.240912
220.000000 1435.537285
221.000000 1396.522651
222.000000 1334.630386
223.000000 1248.660902
224.000000 1145.505923
225.000000 1040.440624
226.000000 830.440072
227.000000 776.124177
228.000000 756.981704
229.000000 774.369537
230.000000 827.070206
231.000000 909.753975
232.000000 1010.590280
233.000000 1112.772630
234.000000 1200.789637
235.000000 1266.260310
236.000000 1308.860055
237.000000 1333.313352
238.000000 1345.749709
239.000000 1354.772233
240.000000 1354.772233
241.000000 1354.772233
242.000000 1354.772233
243.000000 1354.772233
244.000000 1354.772233
245.000000 1354.772233
246.000000 1354.772233
247.000000 1354.772233
248.000000 1354.772233
249.000000 1354.772233
250.000000 1354.772233
251.000000 1354.772233
252.000000 1354.772233
253.000000 1354.772233
254.000000 1354.772233
255.000000 1354.772233
256.000000 1264.275718
257.000000 1264.275718
258.000000 1264.275718
259.000000 1264.275718
260.000000 1264.275718
261.000000 1264.275718
262.000000 1264.275718
263.000000 1256.212689
264.000000 1247.615196
265.000000 1232.105850
266.000000 1206.216986
267.000000 1166.312665
268.000000 1109.713741
269.000000 1036.242273
270.000000 949.588448
271.000000 857.469076
272.000000 769.831303
273.000000 703.263205
274.000000 649.297424
275.000000 616.472457
276.000000 605.070518
277.000000 614.949292
278.000000 646.239729
279.000000 698.737328
280.000000 763.997045
281.000000 850.937663
282.000000 943.075213
283.000000 1030.417081
284.000000 1105.004005
285.000000 1162.842289
286.000000 1475.702145
287.000000 1498.746412
288.000000 1512.078571
289.000000 1519.207720
290.000000 1522.731764
291.000000 1525.435747
292.000000 1525.435747
293.000000 1525.435747
294.000000 1525.435747
295.000000 1525.435747
296.000000 1525.435747
297.000000 1525.435747
298.000000 1525.435747
299.000000 1525.435747
300.000000 1525.435747
301.000000 1525.435747
302.000000 1525.435747
303.000000 1525.435747
304.000000 1525.435747
305.000000 1525.435747
306.000000 1525.435747
307.000000 1525.435747
308.000000 1525.435747
309.000000 1517.159926
310.000000 1504.057535
311.000000 1476.835227
312.000000 1427.859225
313.000000 1351.955113
314.000000 1251.925945
315.000000 1145.347721
316.000000 1244.544677
317.000000 1178.750477
318.000000 1156.585203
319.000000 1181.858250
320.000000 1250.195317
321.000000 1347.731563
322.000000 1451.135773
323.000000 1542.932051
324.000000 1608.871253
325.000000 1649.203064
326.000000 1670.477178
327.000000 1680.181359
328.000000 1685.797265
329.000000 1674.645563
330.000000 1649.218601
331.000000 1591.919696
332.000000 1495.569467
333.000000 1380.468770
334.000000 1294.280472
335.000000 1278.678984
336.000000 1341.235609
337.000000 1451.481479
338.000000 1558.625879
339.000000 1611.546671
340.000000 1547.889767
341.000000 1429.333872
342.000000 1353.504438
343.000000 1385.253373
344.000000 1485.186464
345.000000 1492.426733
346.000000 790.964010
347.000000 797.831039
348.000000 823.103433
349.000000 800.866271
350.000000 805.079835
351.000000 789.009423
352.000000 767.389459
353.000000 751.813565
354.000000 750.218555
355.000000 679.791806
356.000000 594.066105
357.000000 508.575847
358.000000 423.654703
359.000000 341.489146
