8.17663073666
8.17663073666
8.17663073666
8.17663073666
8.17663073666
8.17663073666
8.17663073666
8.17663073666
8.17663073666
8.17663073666
8.1760150025
8.1760150025
8.1760150025
8.1760150025
8.1760150025
8.1760150025
8.1760150025
8.1760150025
8.1760150025
8.1760150025
8.17536398936
8.17536398936
8.17536398936
8.17536398936
8.17536398936
8.17536398936
8.17536398936
8.17536398936
8.17536398936
8.17536398936
8.17536398936
8.17467730706
8.17467730706
8.17467730706
8.17467730706
8.17467730706
8.17467730706
8.17467730706
8.17467730706
8.17467730706
8.17395458204
8.17395458204
8.17395458204
8.17395458204
8.17395458204
8.17395458204
8.17395458204
8.17395458204
8.17395458204
8.17395458204
8.17319545834
8.17319545834
8.17319545834
8.17319545834
8.17319545834
8.17319545834
8.17319545834
8.17319545834
8.17319545834
8.17319545834
8.17319545834
8.17239959822
8.17239959822
8.17239959822
8.17239959822
8.17239959822
8.17239959822
8.17239959822
8.17239959822
8.17239959822
8.17156668259
8.17156668259
8.17156668259
8.17156668259
8.17156668259
8.17156668259
8.17156668259
8.17156668259
8.17156668259
8.17156668259
8.17069641101
8.17069641101
8.17069641101
8.17069641101
8.17069641101
8.17069641101
8.17069641101
8.17069641101
8.17069641101
8.17069641101
8.16978850145
8.16978850145
8.16978850145
8.16978850145
8.16978850145
8.16978850145
8.16978850145
8.16978850145
8.16978850145
8.16978850145
8.16884268969
8.16884268969
8.16884268969
8.16884268969
8.16884268969
8.16884268969
8.16884268969
8.16884268969
8.16884268969
8.16884268969
8.16785872848
8.16785872848
8.16785872848
8.16785872848
8.16785872848
8.16785872848
8.16785872848
8.16785872848
8.16785872848
8.16785872848
8.16785872848
8.16683638623
8.16683638623
8.16683638623
8.16683638623
8.16683638623
8.16683638623
8.16683638623
8.16683638623
8.16683638623
8.16577544555
8.16577544555
8.16577544555
8.16577544555
8.16577544555
8.16577544555
8.16577544555
8.16577544555
8.16577544555
8.16577544555
8.16467570127
8.16467570127
8.16467570127
8.16467570127
8.16467570127
8.16467570127
8.16467570127
8.16467570127
8.16467570127
8.16467570127
8.16353695828
8.16353695828
8.16353695828
8.16353695828
8.16353695828
8.16353695828
8.16353695828
8.16353695828
8.16353695828
8.16353695828
8.16235902887
8.16235902887
8.16235902887
8.16235902887
8.16235902887
8.16235902887
8.16235902887
8.16235902887
8.16235902887
8.16235902887
8.16114172973
8.16114172973
8.16114172973
8.16114172973
8.16114172973
8.16114172973
8.16114172973
8.16114172973
8.16114172973
8.16114172973
8.15988487854
8.15988487854
8.15988487854
8.15988487854
8.15988487854
8.15988487854
8.15988487854
8.15988487854
8.15988487854
8.15988487854
8.15858829003
8.15858829003
8.15858829003
8.15858829003
8.15858829003
8.15858829003
8.15858829003
8.15858829003
8.15858829003
8.15858829003
8.15725177156
8.15725177156
8.15725177156
8.15725177156
8.15725177156
8.15725177156
8.15725177156
8.15725177156
8.15725177156
8.15725177156
8.15587511805
8.15587511805
8.15587511805
8.15587511805
8.15587511805
8.15587511805
8.15587511805
8.15587511805
8.15587511805
8.15587511805
8.15445810617
8.15445810617
8.15445810617
8.15445810617
8.15445810617
8.15445810617
8.15445810617
8.15445810617
8.15445810617
8.15445810617
8.15300048769
8.15300048769
8.15300048769
8.15300048769
8.15300048769
8.15300048769
8.15300048769
8.15300048769
8.15300048769
8.15300048769
8.15300048769
8.15150198178
8.15150198178
8.15150198178
8.15150198178
8.15150198178
8.15150198178
8.15150198178
8.15150198178
8.15150198178
8.149962266
8.149962266
8.149962266
8.149962266
8.149962266
8.149962266
8.149962266
8.149962266
8.149962266
8.149962266
8.14838096577
8.14838096577
8.14838096577
8.14838096577
8.14838096577
8.14838096577
8.14838096577
8.14838096577
8.14838096577
8.14838096577
8.14675764173
8.14675764173
8.14675764173
8.14675764173
8.14675764173
8.14675764173
8.14675764173
8.14675764173
8.14675764173
8.14675764173
8.14509177462
8.14509177462
8.14509177462
8.14509177462
8.14509177462
8.14509177462
8.14509177462
8.14509177462
8.14509177462
8.14509177462
8.14509177462
8.14338274681
8.14338274681
8.14338274681
8.14338274681
8.14338274681
8.14338274681
8.14338274681
8.14338274681
8.14338274681
8.14162981949
8.14162981949
8.14162981949
8.14162981949
8.14162981949
8.14162981949
8.14162981949
8.14162981949
8.14162981949
8.14162981949
8.13983210411
8.13983210411
8.13983210411
8.13983210411
8.13983210411
8.13983210411
8.13983210411
8.13983210411
8.13983210411
8.13983210411
8.1379885258
8.1379885258
8.1379885258
8.1379885258
8.1379885258
8.1379885258
8.1379885258
8.1379885258
8.1379885258
8.1379885258
8.13609777604
8.13609777604
8.13609777604
8.13609777604
8.13609777604
8.13609777604
8.13609777604
8.13609777604
8.13609777604
8.13609777604
8.13415824968
8.13415824968
8.13415824968
8.13415824968
8.13415824968
8.13415824968
8.13415824968
8.13415824968
8.13415824968
8.13415824968
8.13216795945
8.13216795945
8.13216795945
8.13216795945
8.13216795945
8.13216795945
8.13216795945
8.13216795945
8.13216795945
8.13216795945
8.13012441654
8.13012441654
8.13012441654
8.13012441654
8.13012441654
8.13012441654
8.13012441654
8.13012441654
8.13012441654
8.13012441654
8.128024458
8.128024458
8.128024458
8.128024458
8.128024458
8.128024458
8.128024458
8.128024458
8.128024458
8.128024458
8.12586398767
8.12586398767
8.12586398767
8.12586398767
8.12586398767
8.12586398767
8.12586398767
8.12586398767
8.12586398767
8.12586398767
8.12363756706
8.12363756706
8.12363756706
8.12363756706
8.12363756706
8.12363756706
8.12363756706
8.12363756706
8.12363756706
8.12363756706
8.12133772752
8.12133772752
8.12133772752
8.12133772752
8.12133772752
8.12133772752
8.12133772752
8.12133772752
8.12133772752
8.12133772752
8.12133772752
8.11895371136
8.11895371136
8.11895371136
8.11895371136
8.11895371136
8.11895371136
8.11895371136
8.11895371136
8.11895371136
8.11646887337
8.11646887337
8.11646887337
8.11646887337
8.11646887337
8.11646887337
8.11646887337
8.11646887337
8.11646887337
8.11646887337
8.11646887337
8.11385420949
8.11385420949
8.11385420949
8.11385420949
8.11385420949
8.11385420949
8.11385420949
8.11385420949
8.11385420949
8.11104547166
8.11104547166
8.11104547166
8.11104547166
8.11104547166
8.11104547166
8.11104547166
8.11104547166
8.11104547166
8.11104547166
8.10737143161
8.10737143161
8.10737143161
8.10737143161
8.10737143161
8.10737143161
8.10737143161
8.10737143161
8.10737143161
8.10737143161
8.10289960268
8.10289960268
8.10289960268
8.10289960268
8.10289960268
8.10289960268
8.10289960268
8.10289960268
8.10289960268
8.10289960268
8.09835966857
8.09835966857
8.09835966857
8.09835966857
8.09835966857
8.09835966857
8.09835966857
8.09835966857
8.09835966857
8.09835966857
8.09835966857
8.09383408317
8.09383408317
8.09383408317
8.09383408317
8.09383408317
8.09383408317
8.09383408317
8.09383408317
8.09383408317
8.0893618937
8.0893618937
8.0893618937
8.0893618937
8.0893618937
8.0893618937
8.0893618937
8.0893618937
8.0893618937
8.0893618937
8.08496553388
8.08496553388
8.08496553388
8.08496553388
8.08496553388
8.08496553388
8.08496553388
8.08496553388
8.08496553388
8.08496553388
8.08065893261
8.08065893261
8.08065893261
8.08065893261
8.08065893261
8.08065893261
8.08065893261
8.08065893261
8.08065893261
8.08065893261
8.07645098883
8.07645098883
8.07645098883
8.07645098883
8.07645098883
8.07645098883
8.07645098883
8.07645098883
8.07645098883
8.07645098883
8.07645098883
8.072347362
8.072347362
8.072347362
8.072347362
8.072347362
8.072347362
8.072347362
8.072347362
8.072347362
8.06835150786
8.06835150786
8.06835150786
8.06835150786
8.06835150786
8.06835150786
8.06835150786
8.06835150786
8.06835150786
8.06835150786
8.06446539734
8.06446539734
8.06446539734
8.06446539734
8.06446539734
8.06446539734
8.06446539734
8.06446539734
8.06446539734
8.06446539734
8.06073205814
8.06073205814
8.06073205814
8.06073205814
8.06073205814
8.06073205814
8.06073205814
8.06073205814
8.06073205814
8.06073205814
8.05714402042
8.05714402042
8.05714402042
8.05714402042
8.05714402042
8.05714402042
8.05714402042
8.05714402042
8.05714402042
8.05714402042
8.05714402042
8.05369432599
8.05369432599
8.05369432599
8.05369432599
8.05369432599
8.05369432599
8.05369432599
8.05369432599
8.05369432599
8.0503764815
8.0503764815
8.0503764815
8.0503764815
8.0503764815
8.0503764815
8.0503764815
8.0503764815
8.0503764815
8.0503764815
8.047184417
8.047184417
8.047184417
8.047184417
8.047184417
8.047184417
8.047184417
8.047184417
8.047184417
8.047184417
8.0441124491
8.0441124491
8.0441124491
8.0441124491
8.0441124491
8.0441124491
8.0441124491
8.0441124491
8.0441124491
8.0441124491
8.04115524817
8.04115524817
8.04115524817
8.04115524817
8.04115524817
8.04115524817
8.04115524817
8.04115524817
8.04115524817
8.04115524817
8.04115524817
8.03830780905
8.03830780905
8.03830780905
8.03830780905
8.03830780905
8.03830780905
8.03830780905
8.03830780905
8.03830780905
8.03556542476
8.03556542476
8.03556542476
8.03556542476
8.03556542476
8.03556542476
8.03556542476
8.03556542476
8.03556542476
8.03556542476
8.03292366297
8.03292366297
8.03292366297
8.03292366297
8.03292366297
8.03292366297
8.03292366297
8.03292366297
8.03292366297
8.03292366297
8.03037834475
8.03037834475
8.03037834475
8.03037834475
8.03037834475
8.03037834475
8.03037834475
8.03037834475
8.03037834475
8.03037834475
8.02792552544
8.02792552544
8.02792552544
8.02792552544
8.02792552544
8.02792552544
8.02792552544
8.02792552544
8.02792552544
8.02792552544
8.02556147733
8.02556147733
8.02556147733
8.02556147733
8.02556147733
8.02556147733
8.02556147733
8.02556147733
8.02556147733
8.02556147733
8.02328267395
8.02328267395
8.02328267395
8.02328267395
8.02328267395
8.02328267395
8.02328267395
8.02328267395
8.02328267395
8.02328267395
8.02108577579
8.02108577579
8.02108577579
8.02108577579
8.02108577579
8.02108577579
8.02108577579
8.02108577579
8.02108577579
8.02108577579
8.01896761731
8.01896761731
8.01896761731
8.01896761731
8.01896761731
8.01896761731
8.01896761731
8.01896761731
8.01896761731
8.01896761731
8.0169251951
8.0169251951
8.0169251951
8.0169251951
8.0169251951
8.0169251951
8.0169251951
8.0169251951
8.0169251951
8.0169251951
8.01495565701
8.01495565701
8.01495565701
8.01495565701
8.01495565701
8.01495565701
8.01495565701
8.01495565701
8.01495565701
8.01495565701
8.01305629226
8.01305629226
8.01305629226
8.01305629226
8.01305629226
8.01305629226
8.01305629226
8.01305629226
8.01305629226
8.01305629226
8.01122452229
8.01122452229
8.01122452229
8.01122452229
8.01122452229
8.01122452229
8.01122452229
8.01122452229
8.01122452229
8.01122452229
8.00945789243
8.00945789243
8.00945789243
8.00945789243
8.00945789243
8.00945789243
8.00945789243
8.00945789243
8.00945789243
8.00945789243
8.00775406416
8.00775406416
8.00775406416
8.00775406416
8.00775406416
8.00775406416
8.00775406416
8.00775406416
8.00775406416
8.00775406416
8.00611080804
8.00611080804
8.00611080804
8.00611080804
8.00611080804
8.00611080804
8.00611080804
8.00611080804
8.00611080804
8.00611080804
8.00452599711
8.00452599711
8.00452599711
8.00452599711
8.00452599711
8.00452599711
8.00452599711
8.00452599711
8.00452599711
8.00452599711
8.00299760084
8.00299760084
8.00299760084
8.00299760084
8.00299760084
8.00299760084
8.00299760084
8.00299760084
8.00299760084
8.00299760084
8.00299760084
8.00152367953
8.00152367953
8.00152367953
8.00152367953
8.00152367953
8.00152367953
8.00152367953
8.00152367953
8.00152367953
8.00152367953
8.00010237905
8.00010237905
8.00010237905
8.00010237905
8.00010237905
8.00010237905
8.00010237905
8.00010237905
8.00010237905
7.99873192607
7.99873192607
7.99873192607
7.99873192607
7.99873192607
7.99873192607
7.99873192607
7.99873192607
7.99873192607
7.99873192607
7.99741062351
7.99741062351
7.99741062351
7.99741062351
7.99741062351
7.99741062351
7.99741062351
7.99741062351
7.99741062351
7.99741062351
7.99613684636
7.99613684636
7.99613684636
7.99613684636
7.99613684636
7.99613684636
7.99613684636
7.99613684636
7.99613684636
7.99613684636
7.99613684636
7.99490903781
7.99490903781
7.99490903781
7.99490903781
7.99490903781
7.99490903781
7.99490903781
7.99490903781
7.99490903781
7.99372570557
7.99372570557
7.99372570557
7.99372570557
7.99372570557
7.99372570557
7.99372570557
7.99372570557
7.99372570557
7.99372570557
7.99258541852
7.99258541852
7.99258541852
7.99258541852
7.99258541852
7.99258541852
7.99258541852
7.99258541852
7.99258541852
7.99258541852
7.9914868035
7.9914868035
7.9914868035
7.9914868035
7.9914868035
7.9914868035
7.9914868035
7.9914868035
7.9914868035
7.9914868035
7.99042854233
7.99042854233
7.99042854233
7.99042854233
7.99042854233
7.99042854233
7.99042854233
7.99042854233
7.99042854233
7.99042854233
7.99042854233
7.98940936906
7.98940936906
7.98940936906
7.98940936906
7.98940936906
7.98940936906
7.98940936906
7.98940936906
7.98940936906
7.98842806734
7.98842806734
7.98842806734
7.98842806734
7.98842806734
7.98842806734
7.98842806734
7.98842806734
7.98842806734
7.98842806734
7.98748346797
7.98748346797
7.98748346797
7.98748346797
7.98748346797
7.98748346797
7.98748346797
7.98748346797
7.98748346797
7.98748346797
7.9865744466
7.9865744466
7.9865744466
7.9865744466
7.9865744466
7.9865744466
7.9865744466
7.9865744466
7.9865744466
7.9865744466
7.98569992158
7.98569992158
7.98569992158
7.98569992158
7.98569992158
7.98569992158
7.98569992158
7.98569992158
7.98569992158
7.98569992158
7.98569992158
7.98485885191
7.98485885191
7.98485885191
7.98485885191
7.98485885191
7.98485885191
7.98485885191
7.98485885191
7.98485885191
7.98405023536
7.98405023536
7.98405023536
7.98405023536
7.98405023536
7.98405023536
7.98405023536
7.98405023536
7.98405023536
7.98405023536
7.98327310659
7.98327310659
7.98327310659
7.98327310659
7.98327310659
7.98327310659
7.98327310659
7.98327310659
7.98327310659
7.98327310659
7.98252653555
7.98252653555
7.98252653555
7.98252653555
7.98252653555
7.98252653555
7.98252653555
7.98252653555
7.98252653555
7.98252653555
7.98180962579
7.98180962579
7.98180962579
7.98180962579
7.98180962579
7.98180962579
7.98180962579
7.98180962579
7.98180962579
7.98180962579
7.98180962579
7.98112151298
7.98112151298
7.98112151298
7.98112151298
7.98112151298
7.98112151298
7.98112151298
7.98112151298
7.98112151298
7.9804613635
7.9804613635
7.9804613635
7.9804613635
7.9804613635
7.9804613635
7.9804613635
7.9804613635
7.9804613635
7.9804613635
7.97982837303
7.97982837303
7.97982837303
7.97982837303
7.97982837303
7.97982837303
7.97982837303
7.97982837303
7.97982837303
7.97982837303
7.97922176532
7.97922176532
7.97922176532
7.97922176532
7.97922176532
7.97922176532
7.97922176532
7.97922176532
7.97922176532
7.97922176532
7.97864079095
7.97864079095
7.97864079095
7.97864079095
7.97864079095
7.97864079095
7.97864079095
7.97864079095
7.97864079095
7.97864079095
7.97864079095
7.9780847262
7.9780847262
7.9780847262
7.9780847262
7.9780847262
7.9780847262
7.9780847262
7.9780847262
7.9780847262
7.97755287193
7.97755287193
7.97755287193
7.97755287193
7.97755287193
7.97755287193
7.97755287193
7.97755287193
7.97755287193
7.97755287193
7.97704455257
7.97704455257
7.97704455257
7.97704455257
7.97704455257
7.97704455257
7.97704455257
7.97704455257
7.97704455257
7.97704455257
7.97655911516
7.97655911516
7.97655911516
7.97655911516
7.97655911516
7.97655911516
7.97655911516
7.97655911516
7.97655911516
7.97655911516
7.97609592837
7.97609592837
7.97609592837
7.97609592837
7.97609592837
7.97609592837
7.97609592837
7.97609592837
7.97609592837
7.97609592837
7.97609592837
7.97565438164
7.97565438164
7.97565438164
7.97565438164
7.97565438164
7.97565438164
7.97565438164
7.97565438164
7.97565438164
7.97523388436
7.97523388436
7.97523388436
7.97523388436
7.97523388436
7.97523388436
7.97523388436
7.97523388436
7.97523388436
7.97523388436
7.97483386503
7.97483386503
7.97483386503
7.97483386503
7.97483386503
7.97483386503
7.97483386503
7.97483386503
7.97483386503
7.97483386503
7.97445377054
7.97445377054
7.97445377054
7.97445377054
7.97445377054
7.97445377054
7.97445377054
7.97445377054
7.97445377054
7.97445377054
7.97409306542
7.97409306542
7.97409306542
7.97409306542
7.97409306542
7.97409306542
7.97409306542
7.97409306542
7.97409306542
7.97409306542
7.97409306542
7.97375123116
7.97375123116
7.97375123116
7.97375123116
7.97375123116
7.97375123116
7.97375123116
7.97375123116
7.97375123116
7.97342776554
7.97342776554
7.97342776554
7.97342776554
7.97342776554
7.97342776554
7.97342776554
7.97342776554
7.97342776554
7.97342776554
7.97312218203
7.97312218203
7.97312218203
7.97312218203
7.97312218203
7.97312218203
7.97312218203
7.97312218203
7.97312218203
7.97312218203
7.97283400917
7.97283400917
7.97283400917
7.97283400917
7.97283400917
7.97283400917
7.97283400917
7.97283400917
7.97283400917
7.97283400917
7.97256279001
7.97256279001
7.97256279001
7.97256279001
7.97256279001
7.97256279001
7.97256279001
7.97256279001
7.97256279001
7.97256279001
7.97256279001
7.97230808156
7.97230808156
7.97230808156
7.97230808156
7.97230808156
7.97230808156
7.97230808156
7.97230808156
7.97230808156
7.9720694543
7.9720694543
7.9720694543
7.9720694543
7.9720694543
7.9720694543
7.9720694543
7.9720694543
7.9720694543
7.9720694543
7.97184649162
7.97184649162
7.97184649162
7.97184649162
7.97184649162
7.97184649162
7.97184649162
7.97184649162
7.97184649162
7.97184649162
7.97163878942
7.97163878942
7.97163878942
7.97163878942
7.97163878942
7.97163878942
7.97163878942
7.97163878942
7.97163878942
7.97163878942
7.9714459556
7.9714459556
7.9714459556
7.9714459556
7.9714459556
7.9714459556
7.9714459556
7.9714459556
7.9714459556
7.9714459556
7.9714459556
7.97126760966
7.97126760966
7.97126760966
7.97126760966
7.97126760966
7.97126760966
7.97126760966
7.97126760966
7.97126760966
7.97110338227
7.97110338227
7.97110338227
7.97110338227
7.97110338227
7.97110338227
7.97110338227
7.97110338227
7.97110338227
7.97110338227
7.97095291488
7.97095291488
7.97095291488
7.97095291488
7.97095291488
7.97095291488
7.97095291488
7.97095291488
7.97095291488
7.97095291488
7.97081585935
7.97081585935
7.97081585935
7.97081585935
7.97081585935
7.97081585935
7.97081585935
7.97081585935
7.97081585935
7.97081585935
7.97069187754
7.97069187754
7.97069187754
7.97069187754
7.97069187754
7.97069187754
7.97069187754
7.97069187754
7.97069187754
7.97069187754
7.97058064102
7.97058064102
7.97058064102
7.97058064102
7.97058064102
7.97058064102
7.97058064102
7.97058064102
7.97058064102
7.97058064102
7.97048183072
7.97048183072
7.97048183072
7.97048183072
7.97048183072
7.97048183072
7.97048183072
7.97048183072
7.97048183072
7.97048183072
7.97039513658
7.97039513658
7.97039513658
7.97039513658
7.97039513658
7.97039513658
7.97039513658
7.97039513658
7.97039513658
7.97039513658
7.97032025727
7.97032025727
7.97032025727
7.97032025727
7.97032025727
7.97032025727
7.97032025727
7.97032025727
7.97032025727
7.97032025727
7.97025689989
7.97025689989
7.97025689989
7.97025689989
7.97025689989
7.97025689989
7.97025689989
7.97025689989
7.97025689989
7.97025689989
7.97020477969
7.97020477969
7.97020477969
7.97020477969
7.97020477969
7.97020477969
7.97020477969
7.97020477969
7.97020477969
7.97020477969
7.97016361978
7.97016361978
7.97016361978
7.97016361978
7.97016361978
7.97016361978
7.97016361978
7.97016361978
7.97016361978
7.97016361978
7.9701331509
7.9701331509
7.9701331509
7.9701331509
7.9701331509
7.9701331509
7.9701331509
7.9701331509
7.9701331509
7.9701331509
7.97011311114
7.97011311114
7.97011311114
7.97011311114
7.97011311114
7.97011311114
7.97011311114
7.97011311114
7.97011311114
7.97011311114
7.97010324573
7.97010324573
7.97010324573
7.97010324573
7.97010324573
7.97010324573
7.97010324573
7.97010324573
7.97010324573
7.97010324573
7.97010330676
7.97010330676
7.97010330676
7.97010330676
7.97010330676
7.97010330676
7.97010330676
7.97010330676
7.97010330676
7.97010330676
7.97011305303
7.97011305303
7.97011305303
7.97011305303
7.97011305303
7.97011305303
7.97011305303
7.97011305303
7.97011305303
7.97011305303
7.97013224975
7.97013224975
7.97013224975
7.97013224975
7.97013224975
7.97013224975
7.97013224975
7.97013224975
7.97013224975
7.97013224975
7.97016066841
7.97016066841
7.97016066841
7.97016066841
7.97016066841
7.97016066841
7.97016066841
7.97016066841
7.97016066841
7.97016066841
7.97019808655
7.97019808655
7.97019808655
7.97019808655
7.97019808655
7.97019808655
7.97019808655
7.97019808655
7.97019808655
7.97019808655
7.97024428755
7.97024428755
7.97024428755
7.97024428755
7.97024428755
7.97024428755
7.97024428755
7.97024428755
7.97024428755
7.97024428755
7.97029906048
7.97029906048
7.97029906048
7.97029906048
7.97029906048
7.97029906048
7.97029906048
7.97029906048
7.97029906048
7.97029906048
7.97036219992
7.97036219992
7.97036219992
7.97036219992
7.97036219992
7.97036219992
7.97036219992
7.97036219992
7.97036219992
7.97036219992
7.97043350577
7.97043350577
7.97043350577
7.97043350577
7.97043350577
7.97043350577
7.97043350577
7.97043350577
7.97043350577
7.97043350577
7.97051278309
7.97051278309
7.97051278309
7.97051278309
7.97051278309
7.97051278309
7.97051278309
7.97051278309
7.97051278309
7.97051278309
7.97059984197
7.97059984197
7.97059984197
7.97059984197
7.97059984197
7.97059984197
7.97059984197
7.97059984197
7.97059984197
7.97059984197
7.97069449733
7.97069449733
7.97069449733
7.97069449733
7.97069449733
7.97069449733
7.97069449733
7.97069449733
7.97069449733
7.97069449733
7.97079656882
7.97079656882
7.97079656882
7.97079656882
7.97079656882
7.97079656882
7.97079656882
7.97079656882
7.97079656882
7.97079656882
7.97090588066
7.97090588066
7.97090588066
7.97090588066
7.97090588066
7.97090588066
7.97090588066
7.97090588066
7.97090588066
7.97090588066
7.97102226148
7.97102226148
7.97102226148
7.97102226148
7.97102226148
7.97102226148
7.97102226148
7.97102226148
7.97102226148
7.97102226148
7.97114554425
7.97114554425
7.97114554425
7.97114554425
7.97114554425
7.97114554425
7.97114554425
7.97114554425
7.97114554425
7.97114554425
7.97127556606
7.97127556606
7.97127556606
7.97127556606
7.97127556606
7.97127556606
7.97127556606
7.97127556606
7.97127556606
7.97127556606
7.9714121681
7.9714121681
7.9714121681
7.9714121681
7.9714121681
7.9714121681
7.9714121681
7.9714121681
7.9714121681
7.9714121681
7.97155519547
7.97155519547
7.97155519547
7.97155519547
7.97155519547
7.97155519547
7.97155519547
7.97155519547
7.97155519547
7.97155519547
7.97170449709
7.97170449709
7.97170449709
7.97170449709
7.97170449709
7.97170449709
7.97170449709
7.97170449709
7.97170449709
7.97170449709
7.97185992559
7.97185992559
7.97185992559
7.97185992559
7.97185992559
7.97185992559
7.97185992559
7.97185992559
7.97185992559
7.97185992559
7.97185992559
7.9720213372
7.9720213372
7.9720213372
7.9720213372
7.9720213372
7.9720213372
7.9720213372
7.9720213372
7.9720213372
7.97218859166
7.97218859166
7.97218859166
7.97218859166
7.97218859166
7.97218859166
7.97218859166
7.97218859166
7.97218859166
7.97218859166
7.97218859166
7.97236155208
7.97236155208
7.97236155208
7.97236155208
7.97236155208
7.97236155208
7.97236155208
7.97236155208
7.97236155208
7.97254008491
7.97254008491
7.97254008491
7.97254008491
7.97254008491
7.97254008491
7.97254008491
7.97254008491
7.97254008491
7.97254008491
7.97272405978
7.97272405978
7.97272405978
7.97272405978
7.97272405978
7.97272405978
7.97272405978
7.97272405978
7.97272405978
7.97272405978
7.97272405978
7.97291334945
7.97291334945
7.97291334945
7.97291334945
7.97291334945
7.97291334945
7.97291334945
7.97291334945
7.97291334945
7.97310782972
7.97310782972
7.97310782972
7.97310782972
7.97310782972
7.97310782972
7.97310782972
7.97310782972
7.97310782972
7.97310782972
7.97310782972
7.97330737934
7.97330737934
7.97330737934
7.97330737934
7.97330737934
7.97330737934
7.97330737934
7.97330737934
7.97330737934
7.97351187991
7.97351187991
7.97351187991
7.97351187991
7.97351187991
7.97351187991
7.97351187991
7.97351187991
7.97351187991
7.97351187991
7.97372121583
7.97372121583
7.97372121583
7.97372121583
7.97372121583
7.97372121583
7.97372121583
7.97372121583
7.97372121583
7.97372121583
7.97372121583
7.97393527421
7.97393527421
7.97393527421
7.97393527421
7.97393527421
7.97393527421
7.97393527421
7.97393527421
7.97393527421
7.97415394481
7.97415394481
7.97415394481
7.97415394481
7.97415394481
7.97415394481
7.97415394481
7.97415394481
7.97415394481
7.97415394481
7.97437711993
7.97437711993
7.97437711993
7.97437711993
7.97437711993
7.97437711993
7.97437711993
7.97437711993
7.97437711993
7.97437711993
7.9746046944
7.9746046944
7.9746046944
7.9746046944
7.9746046944
7.9746046944
7.9746046944
7.9746046944
7.9746046944
7.9746046944
7.97483656546
7.97483656546
7.97483656546
7.97483656546
7.97483656546
7.97483656546
7.97483656546
7.97483656546
7.97483656546
7.97483656546
7.97483656546
7.97507263273
7.97507263273
7.97507263273
7.97507263273
7.97507263273
7.97507263273
7.97507263273
7.97507263273
7.97507263273
7.97531279811
7.97531279811
7.97531279811
7.97531279811
7.97531279811
7.97531279811
7.97531279811
7.97531279811
7.97531279811
7.97531279811
7.97555696578
7.97555696578
7.97555696578
7.97555696578
7.97555696578
7.97555696578
7.97555696578
7.97555696578
7.97555696578
7.97555696578
7.97580504206
7.97580504206
7.97580504206
7.97580504206
7.97580504206
7.97580504206
7.97580504206
7.97580504206
7.97580504206
7.97580504206
7.97605693543
7.97605693543
7.97605693543
7.97605693543
7.97605693543
7.97605693543
7.97605693543
7.97605693543
7.97605693543
7.97605693543
7.97605693543
7.97631255642
7.97631255642
7.97631255642
7.97631255642
7.97631255642
7.97631255642
7.97631255642
7.97631255642
7.97631255642
7.97657181759
7.97657181759
7.97657181759
7.97657181759
7.97657181759
7.97657181759
7.97657181759
7.97657181759
7.97657181759
7.97657181759
7.97683463346
7.97683463346
7.97683463346
7.97683463346
7.97683463346
7.97683463346
7.97683463346
7.97683463346
7.97683463346
7.97683463346
7.97710092047
7.97710092047
7.97710092047
7.97710092047
7.97710092047
7.97710092047
7.97710092047
7.97710092047
7.97710092047
7.97710092047
7.97737059691
7.97737059691
7.97737059691
7.97737059691
7.97737059691
7.97737059691
7.97737059691
7.97737059691
7.97737059691
7.97737059691
7.97737059691
7.9776435829
7.9776435829
7.9776435829
7.9776435829
7.9776435829
7.9776435829
7.9776435829
7.9776435829
7.9776435829
7.97791980032
7.97791980032
7.97791980032
7.97791980032
7.97791980032
7.97791980032
7.97791980032
7.97791980032
7.97791980032
7.97791980032
7.9781991728
7.9781991728
7.9781991728
7.9781991728
7.9781991728
7.9781991728
7.9781991728
7.9781991728
7.9781991728
7.9781991728
7.97848162562
7.97848162562
7.97848162562
7.97848162562
7.97848162562
7.97848162562
7.97848162562
7.97848162562
7.97848162562
7.97848162562
7.97876708573
7.97876708573
7.97876708573
7.97876708573
7.97876708573
7.97876708573
7.97876708573
7.97876708573
7.97876708573
7.97876708573
7.97876708573
7.97905548166
7.97905548166
7.97905548166
7.97905548166
7.97905548166
7.97905548166
7.97905548166
7.97905548166
7.97905548166
7.97934674351
7.97934674351
7.97934674351
7.97934674351
7.97934674351
7.97934674351
7.97934674351
7.97934674351
7.97934674351
7.97934674351
7.9796408029
7.9796408029
7.9796408029
7.9796408029
7.9796408029
7.9796408029
7.9796408029
7.9796408029
7.9796408029
7.9796408029
7.97993759294
7.97993759294
7.97993759294
7.97993759294
7.97993759294
7.97993759294
7.97993759294
7.97993759294
7.97993759294
7.97993759294
7.98023704816
7.98023704816
7.98023704816
7.98023704816
7.98023704816
7.98023704816
7.98023704816
7.98023704816
7.98023704816
7.98023704816
7.98023704816
7.98053910454
7.98053910454
7.98053910454
7.98053910454
7.98053910454
7.98053910454
7.98053910454
7.98053910454
7.98053910454
7.9808436994
7.9808436994
7.9808436994
7.9808436994
7.9808436994
7.9808436994
7.9808436994
7.9808436994
7.9808436994
7.9808436994
7.98115077144
7.98115077144
7.98115077144
7.98115077144
7.98115077144
7.98115077144
7.98115077144
7.98115077144
7.98115077144
7.98115077144
