# This file includes the efficiency of the whole farm by wind direction.
# Wind direction angle	Farm efficiency
23113.351903
24605.297276
28373.720310
33593.935966
39925.627080
46814.786936
52824.703895
56666.292845
58630.289850
59281.663515
59299.311852
58551.419707
58340.635575
58254.515880
55331.991451
56045.879792
58705.618428
57613.226047
52846.327715
50086.406948
53009.686842
57701.661767
58917.626838
59077.217637
58837.936904
55584.111805
49609.468535
44205.068854
42993.133019
46873.262913
53108.178226
57925.774600
59604.875493
59687.950906
58081.895112
54403.087396
54276.704775
58030.950374
59683.895155
59038.514716
60190.908601
60539.650677
59789.109195
57121.299444
52206.140779
45814.789741
39603.007678
34902.305712
32912.201383
34462.542907
38886.589767
44971.412151
51517.601962
56831.453984
59876.937027
60912.500955
60819.162368
59744.419701
60242.614086
59096.151511
55390.047485
54918.472896
58381.516825
60529.268389
60582.060759
59220.157272
54470.956434
48366.041124
44402.310399
44932.024196
49629.568811
55780.979998
59888.428070
60448.891521
60362.270247
59501.477710
54875.255940
51896.470890
53798.874212
58492.582765
60448.165376
58153.216183
57332.968198
59726.881869
60283.065292
60387.689806
61292.080856
61438.495193
60937.579359
58809.299200
54092.365258
47857.970895
41147.308294
35076.602959
29979.099127
26428.691846
24816.439284
26105.138881
29455.460003
34388.926601
40347.727740
47053.192467
53390.493727
58236.305409
60464.385382
61045.695284
60925.387481
60053.993725
60196.275430
58358.101696
57568.127347
59579.618770
58554.966622
54100.496631
52499.424845
55900.143030
59514.107123
59911.588581
59218.222482
55388.779695
49306.222900
45254.105925
46222.131119
51460.952042
57082.035660
59599.614955
59509.709043
56708.935912
55296.302730
58058.964038
59593.319410
59625.925411
59774.227235
58185.536527
54243.790903
48192.679403
41646.640956
36435.725309
34313.937556
36407.052227
41598.235007
48091.175292
54019.320624
57886.255104
59381.945971
59058.865052
58967.274788
57475.474473
54533.570600
55934.668679
58635.777383
58731.150074
56287.287316
50869.959632
45267.591336
44077.330138
48394.784137
54433.736193
57975.187988
58585.228311
58073.390415
54714.701400
50847.291570
52529.912969
57109.489475
58012.630377
55581.860071
56325.097068
58448.078273
58127.916901
59018.775778
58947.720886
58376.759276
56477.483570
52727.084794
46825.000588
39945.034522
33610.351074
28385.782112
24611.311240
23113.362700
24601.869938
28371.923416
33593.406564
39925.591466
46814.764920
52824.612332
56664.839665
58628.155617
59280.348783
59299.553340
58551.545110
58341.651564
58255.112035
55332.065392
56045.513671
58705.453118
57614.125105
52846.603214
50086.363283
53009.488281
57701.406365
58918.328296
59075.373655
58835.969741
55583.342626
49608.367702
44203.859505
42993.764268
46874.818622
53110.844947
57929.199323
59604.763326
59691.422084
58081.255150
54403.741294
54279.581164
58034.703848
59682.063930
59037.702947
60195.176991
60542.450121
59775.779115
57110.306951
52201.961058
45813.380369
39600.012924
34897.535937
32911.788690
34467.625226
38890.168324
44973.038983
51519.245915
56838.864470
59891.559131
60919.537762
60823.166738
59739.735748
60230.966560
59089.295970
55387.845571
54923.392014
58385.862053
60544.159827
60566.731840
59205.036237
54467.521233
48361.041741
44403.841419
44942.017720
49634.819927
55784.892010
59902.836387
60462.869873
60346.926961
59492.676614
54871.513478
51895.640707
53802.804097
58497.455517
60450.183989
58155.667327
57331.983545
59727.743855
60287.187472
60387.850435
61289.691684
61435.695626
60936.779015
58811.005952
54092.599369
47858.418286
41148.161360
35078.355467
29982.119540
26429.444397
24816.525981
26104.644830
29455.931165
34387.947766
40346.816420
47052.705275
53390.239407
58231.329640
60464.331884
61044.261308
60922.010056
60054.883026
60198.233281
58357.959740
57568.753466
59580.506096
58559.169498
54102.516259
52498.721013
55898.040295
59505.108960
59912.261629
59229.606213
55391.594962
49309.070088
45255.677983
46219.502324
51458.881476
57074.533044
59586.416008
59514.369994
56709.515552
55295.281576
58054.069000
59580.136939
59628.655640
59788.934233
58200.495773
54251.228300
48196.149984
41652.799755
36444.280552
34313.912705
36398.844593
41592.609272
48087.925039
54009.798955
57870.449787
59378.438306
59055.473714
58967.612026
57477.767679
54534.300493
55935.687754
58639.030674
58737.764748
56295.570799
50873.795492
45271.280445
44075.305740
48391.553847
54429.202685
57969.056485
58582.454062
58076.198762
54715.907765
50847.560686
52529.393326
57109.020915
58012.483331
55581.885624
56325.120543
58447.955249
58127.865091
59018.882433
58947.472450
58375.790370
56477.557848
52727.709656
46825.050498
39945.069422
33610.853026
28387.256732
24613.932033
