1.22782431842
1.22778150394
1.2277386831
1.22769585592
1.22765302239
1.2276101825
1.22756733626
1.22752448366
1.2274816247
1.22743875938
1.22739588769
1.22735300964
1.22731012521
1.22726723441
1.22722433724
1.22718143369
1.22713852377
1.22709560746
1.22705268476
1.22700975568
1.22696682022
1.22692387836
1.2268809301
1.22683797546
1.22679501441
1.22675204696
1.22670907311
1.22666609285
1.22662310619
1.22658011312
1.22653711363
1.22649410773
1.22645109541
1.22640807667
1.22636505151
1.22632201992
1.22627898191
1.22623593747
1.2261928866
1.22614982929
1.22610676555
1.22606369536
1.22602061874
1.22597753567
1.22593444616
1.22589135019
1.22584824778
1.22580513891
1.22576202359
1.22571890181
1.22567577357
1.22563263886
1.22558949769
1.22554635005
1.22550319594
1.22546003536
1.2254168683
1.22537369477
1.22533051475
1.22528732826
1.22524413527
1.2252009358
1.22515772984
1.22511451739
1.22507129845
1.225028073
1.22498484106
1.22494160261
1.22489835767
1.22485510621
1.22481184824
1.22476858377
1.22472531277
1.22468203526
1.22463875124
1.22459546069
1.22455216361
1.22450886001
1.22446554988
1.22442223322
1.22437891003
1.2243355803
1.22429224403
1.22424890122
1.22420555186
1.22416219596
1.22411883351
1.22407546451
1.22403208896
1.22398870685
1.22394531818
1.22390192295
1.22385852115
1.22381511279
1.22377169786
1.22372827636
1.22368484829
1.22364141364
1.22359797241
1.2235545246
1.22351107021
1.22346760923
1.22342414166
1.22338066751
1.22333718675
1.22329369941
1.22325020546
1.22320670491
1.22316319776
1.22311968401
1.22307616364
1.22303263667
1.22298910308
1.22294556287
1.22290201605
1.2228584626
1.22281490253
1.22277133584
1.22272776251
1.22268418256
1.22264059597
1.22259700275
1.22255340288
1.22250979638
1.22246618323
1.22242256344
1.22237893699
1.2223353039
1.22229166415
1.22224801774
1.22220436468
1.22216070495
1.22211703856
1.22207336551
1.22202968578
1.22198599938
1.22194230631
1.22189860656
1.22185490014
1.22181118703
1.22176746723
1.22172374075
1.22168000758
1.22163626772
1.22159252116
1.2215487679
1.22150500795
1.22146124129
1.22141746793
1.22137368786
1.22132990108
1.22128610759
1.22124230738
1.22119850045
1.22115468681
1.22111086644
1.22106703934
1.22102320552
1.22097936497
1.22093551768
1.22089166366
1.2208478029
1.2208039354
1.22076006115
1.22071618016
1.22067229242
1.22062839792
1.22058449668
1.22054058868
1.22049667391
1.22045275239
1.2204088241
1.22036488905
1.22032094722
1.22027699862
1.22023304325
1.2201890811
1.22014511217
1.22010113646
1.22005715396
1.22001316467
1.2199691686
1.21992516573
1.21988115606
1.2198371396
1.21979311633
1.21974908626
1.21970504939
1.21966100571
1.21961695521
1.2195728979
1.21952883377
1.21948476283
1.21944068506
1.21939660047
1.21935250905
1.2193084108
1.21926430571
1.21922019379
1.21917607504
1.21913194944
1.219087817
1.21904367771
1.21899953158
1.21895537859
1.21891121875
1.21886705206
1.2188228785
1.21877869808
1.2187345108
1.21869031665
1.21864611563
1.21860190774
1.21855769297
1.21851347132
1.2184692428
1.21842500739
1.21838076509
1.21833651591
1.21829225983
1.21824799687
1.218203727
1.21815945023
1.21811516657
1.21807087599
1.21802657852
1.21798227413
1.21793796282
1.2178936446
1.21784931947
1.21780498741
1.21776064843
1.21771630252
1.21767194969
1.21762758992
1.21758322322
1.21753884958
1.217494469
1.21745008147
1.21740568701
1.21736128559
1.21731687723
1.21727246191
1.21722803963
1.21718361039
1.2171391742
1.21709473104
1.21705028091
1.21700582381
1.21696135974
1.2169168887
1.21687241067
1.21682792567
1.21678343368
1.2167389347
1.21669442874
1.21664991579
1.21660539584
1.21656086889
1.21651633494
1.21647179399
1.21642724604
1.21638269107
1.2163381291
1.21629356011
1.21624898411
1.21620440108
1.21615981104
1.21611521397
1.21607060987
1.21602599874
1.21598138058
1.21593675538
1.21589212314
1.21584748387
1.21580283754
1.21575818418
1.21571352376
1.21566885628
1.21562418176
1.21557950017
1.21553481153
1.21549011582
1.21544541304
1.2154007032
1.21535598628
1.21531126229
1.21526653122
1.21522179307
1.21517704783
1.21513229551
1.2150875361
1.2150427696
1.21499799601
1.21495321531
1.21490842752
1.21486363263
1.21481883062
1.21477402151
1.21472920529
1.21468438196
1.2146395515
1.21459471393
1.21454986923
1.21450501741
1.21446015846
1.21441529238
1.21437041917
1.21432553882
1.21428065133
1.21423575669
1.21419085491
1.21414594599
1.21410102991
1.21405610667
1.21401117628
1.21396623874
1.21392129402
1.21387634215
1.2138313831
1.21378641689
1.2137414435
1.21369646293
1.21365147518
1.21360648025
1.21356147814
1.21351646884
1.21347145234
1.21342642865
1.21338139777
1.21333635968
1.2132913144
1.2132462619
1.2132012022
1.21315613529
1.21311106116
1.21306597982
1.21302089126
1.21297579547
1.21293069246
1.21288558222
1.21284046474
1.21279534004
1.21275020809
1.21270506891
1.21265992248
1.21261476881
1.21256960789
1.21252443971
1.21247926428
1.2124340816
1.21238889165
1.21234369444
1.21229848996
1.21225327821
1.2122080592
1.2121628329
1.21211759933
1.21207235848
1.21202711034
1.21198185491
1.2119365922
1.21189132219
1.21184604489
1.21180076029
1.21175546839
1.21171016918
1.21166486266
1.21161954884
1.2115742277
1.21152889925
1.21148356347
1.21143822037
1.21139286995
1.2113475122
1.21130214712
1.21125677471
1.21121139495
1.21116600786
1.21112061343
1.21107521164
1.21102980251
1.21098438603
1.2109389622
1.210893531
1.21084809244
1.21080264652
1.21075719324
1.21071173258
1.21066626455
1.21062078915
1.21057530636
1.2105298162
1.21048431865
1.21043881371
1.21039330138
1.21034778166
1.21030225454
1.21025672002
1.2102111781
1.21016562877
1.21012007203
1.21007450789
1.21002893632
1.20998335734
1.20993777094
1.20989217712
1.20984657586
1.20980096718
1.20975535106
1.20970972751
1.20966409652
1.20961845809
1.20957281221
1.20952715889
1.20948149811
1.20943582988
1.20939015419
1.20934447104
1.20929878043
1.20925308235
1.2092073768
1.20916166378
1.20911594329
1.20907021531
1.20902447985
1.20897873691
1.20893298648
1.20888722857
1.20884146315
1.20879569024
1.20874990983
1.20870412192
1.2086583265
1.20861252357
1.20856671313
1.20852089517
1.20847506969
1.2084292367
1.20838339617
1.20833754812
1.20829169254
1.20824582943
1.20819995878
1.20815408058
1.20810819485
1.20806230157
1.20801640074
1.20797049235
1.20792457641
1.20787865292
1.20783272186
1.20778678323
1.20774083704
1.20769488327
1.20764892193
1.20760295302
1.20755697652
1.20751099244
1.20746500077
1.20741900151
1.20737299466
1.20732698022
1.20728095817
1.20723492852
1.20718889127
1.2071428464
1.20709679393
1.20705073384
1.20700466613
1.2069585908
1.20691250784
1.20686641726
1.20682031905
1.2067742132
1.20672809971
1.20668197859
1.20663584982
1.2065897134
1.20654356934
1.20649741762
1.20645125825
1.20640509121
1.20635891652
1.20631273415
1.20626654412
1.20622034642
1.20617414104
1.20612792798
1.20608170724
1.20603547882
1.20598924271
1.2059429989
1.20589674741
1.20585048821
1.20580422132
1.20575794672
1.20571166441
1.20566537439
1.20561907666
1.20557277121
1.20552645804
1.20548013715
1.20543380853
1.20538747218
1.2053411281
1.20529477628
1.20524841672
1.20520204942
1.20515567438
1.20510929158
1.20506290103
1.20501650273
1.20497009667
1.20492368284
1.20487726125
1.2048308319
1.20478439477
1.20473794986
1.20469149718
1.20464503671
1.20459856846
1.20455209242
1.20450560859
1.20445911697
1.20441261754
1.20436611032
1.20431959529
1.20427307245
1.2042265418
1.20418000334
1.20413345706
1.20408690296
1.20404034104
1.20399377129
1.2039471937
1.20390060829
1.20385401503
1.20380741394
1.203760805
1.20371418821
1.20366756357
1.20362093108
1.20357429073
1.20352764252
1.20348098645
1.20343432251
1.2033876507
1.20334097102
1.20329428346
1.20324758802
1.20320088469
1.20315417348
1.20310745437
1.20306072738
1.20301399248
1.20296724969
1.20292049899
1.20287374039
1.20282697387
1.20278019944
1.2027334171
1.20268662683
1.20263982864
1.20259302252
1.20254620848
1.20249938649
1.20245255657
1.20240571871
1.20235887291
1.20231201916
1.20226515746
1.2022182878
1.20217141019
1.20212452461
1.20207763107
1.20203072957
1.20198382009
1.20193690264
1.20188997721
1.2018430438
1.2017961024
1.20174915302
1.20170219564
1.20165523027
1.2016082569
1.20156127553
1.20151428616
1.20146728878
1.20142028338
1.20137326997
1.20132624854
1.20127921909
1.20123218162
1.20118513611
1.20113808257
1.201091021
1.20104395139
1.20099687373
1.20094978803
1.20090269428
1.20085559248
1.20080848262
1.2007613647
1.20071423871
1.20066710466
1.20061996254
1.20057281235
1.20052565408
1.20047848773
1.20043131329
1.20038413077
1.20033694015
1.20028974144
1.20024253464
1.20019531973
1.20014809672
1.2001008656
1.20005362636
1.20000637901
1.19995912355
1.19991185996
1.19986458824
1.1998173084
1.19977002042
1.19972272431
1.19967542005
1.19962810766
1.19958078711
1.19953345842
1.19948612157
1.19943877657
1.1993914234
1.19934406207
1.19929669258
1.19924931491
1.19920192906
1.19915453504
1.19910713284
1.19905972245
1.19901230387
1.1989648771
1.19891744213
1.19886999896
1.19882254759
1.19877508801
1.19872762023
1.19868014422
1.19863266001
1.19858516757
1.1985376669
1.19849015801
1.19844264089
1.19839511553
1.19834758193
1.19830004009
1.19825249
1.19820493167
1.19815736508
1.19810979023
1.19806220713
1.19801461576
1.19796701612
1.19791940821
1.19787179203
1.19782416757
1.19777653483
1.1977288938
1.19768124448
1.19763358687
1.19758592097
1.19753824676
1.19749056425
1.19744287344
1.19739517431
1.19734746687
1.19729975111
1.19725202703
1.19720429463
1.19715655389
1.19710880482
1.19706104742
1.19701328168
1.19696550759
1.19691772516
1.19686993438
1.19682213524
1.19677432774
1.19672651188
1.19667868766
1.19663085507
1.19658301411
1.19653516477
1.19648730705
1.19643944094
1.19639156645
1.19634368357
1.19629579229
1.19624789262
1.19619998454
1.19615206806
1.19610414316
1.19605620986
1.19600826814
1.19596031799
1.19591235943
1.19586439243
1.19581641701
1.19576843315
1.19572044085
1.1956724401
1.19562443091
1.19557641328
1.19552838718
1.19548035263
1.19543230962
1.19538425814
1.1953361982
1.19528812978
1.19524005289
1.19519196751
1.19514387365
1.19509577131
1.19504766047
1.19499954114
1.19495141331
1.19490327698
1.19485513214
1.19480697879
1.19475881693
1.19471064655
1.19466246765
1.19461428023
1.19456608427
1.19451787979
1.19446966676
1.1944214452
1.19437321509
1.19432497644
1.19427672923
1.19422847347
1.19418020915
1.19413193627
1.19408365482
1.1940353648
1.1939870662
1.19393875903
1.19389044328
1.19384211894
1.19379378601
1.19374544448
1.19369709436
1.19364873564
1.19360036832
1.19355199238
1.19350360784
1.19345521467
1.19340681289
1.19335840248
1.19330998345
1.19326155578
1.19321311948
1.19316467454
1.19311622096
1.19306775873
1.19301928784
1.19297080831
1.19292232011
1.19287382325
1.19282531773
1.19277680354
1.19272828067
1.19267974912
1.19263120889
1.19258265998
1.19253410237
1.19248553608
1.19243696108
1.19238837739
1.19233978499
1.19229118388
1.19224257405
1.19219395551
1.19214532825
1.19209669227
1.19204804755
1.19199939411
1.19195073192
1.191902061
1.19185338133
1.19180469291
1.19175599575
1.19170728982
1.19165857514
1.19160985169
1.19156111947
1.19151237848
1.19146362872
1.19141487018
1.19136610285
1.19131732673
1.19126854182
1.19121974812
1.19117094562
1.19112213431
1.1910733142
1.19102448528
1.19097564754
1.19092680098
1.19087794559
1.19082908138
1.19078020834
1.19073132646
1.19068243574
1.19063353618
1.19058462778
1.19053571052
1.1904867844
1.19043784943
1.19038890559
1.19033995289
1.19029099131
1.19024202086
1.19019304153
1.19014405331
1.19009505621
1.19004605022
1.18999703533
1.18994801154
1.18989897884
1.18984993724
1.18980088673
1.1897518273
1.18970275895
1.18965368168
1.18960459548
1.18955550035
1.18950639628
1.18945728327
1.18940816132
1.18935903042
1.18930989057
1.18926074176
1.18921158398
1.18916241725
1.18911324155
1.18906405687
1.18901486321
1.18896566058
1.18891644896
1.18886722835
1.18881799875
1.18876876015
1.18871951255
1.18867025594
1.18862099032
1.18857171569
1.18852243204
1.18847313937
1.18842383767
1.18837452694
1.18832520718
1.18827587838
1.18822654053
1.18817719364
1.1881278377
1.1880784727
1.18802909865
1.18797971552
1.18793032334
1.18788092208
1.18783151174
1.18778209232
1.18773266382
1.18768322623
1.18763377955
1.18758432377
1.18753485889
1.1874853849
1.1874359018
1.18738640959
1.18733690827
1.18728739782
1.18723787824
1.18718834953
1.18713881169
1.18708926471
1.18703970859
1.18699014332
1.1869405689
1.18689098532
1.18684139258
1.18679179068
1.1867421796
1.18669255936
1.18664292994
1.18659329134
1.18654364355
1.18649398657
1.1864443204
1.18639464503
1.18634496045
1.18629526667
1.18624556368
1.18619585148
1.18614613005
1.1860963994
1.18604665953
1.18599691041
1.18594715207
1.18589738448
1.18584760765
1.18579782156
1.18574802623
1.18569822163
1.18564840777
1.18559858465
1.18554875225
1.18549891058
1.18544905963
1.1853991994
1.18534932987
1.18529945106
1.18524956294
1.18519966553
1.18514975881
1.18509984278
1.18504991743
1.18499998277
1.18495003878
1.18490008547
1.18485012282
1.18480015084
1.18475016952
1.18470017885
1.18465017883
1.18460016946
1.18455015073
1.18450012264
1.18445008519
1.18440003836
1.18434998215
1.18429991657
1.1842498416
1.18419975724
1.18414966349
1.18409956034
1.18404944779
1.18399932583
1.18394919447
1.18389905368
1.18384890348
1.18379874385
1.1837485748
1.18369839631
1.18364820838
1.18359801102
1.1835478042
1.18349758794
1.18344736222
1.18339712704
1.1833468824
1.18329662829
1.1832463647
1.18319609164
1.1831458091
1.18309551707
1.18304521555
1.18299490453
1.18294458401
1.18289425399
1.18284391446
1.18279356542
1.18274320686
1.18269283878
1.18264246117
1.18259207403
1.18254167735
1.18249127113
1.18244085537
1.18239043006
1.1823399952
1.18228955077
1.18223909679
1.18218863323
1.18213816011
1.18208767741
1.18203718512
1.18198668325
1.18193617179
1.18188565074
1.18183512009
1.18178457983
1.18173402997
1.18168347049
1.18163290139
1.18158232267
1.18153173433
1.18148113635
1.18143052874
1.18137991149
1.18132928459
1.18127864804
1.18122800184
1.18117734598
1.18112668046
1.18107600527
1.1810253204
1.18097462586
1.18092392164
1.18087320773
1.18082248413
1.18077175083
1.18072100783
1.18067025513
1.18061949272
1.18056872059
1.18051793874
1.18046714718
1.18041634588
1.18036553485
1.18031471408
1.18026388357
1.18021304331
1.1801621933
1.18011133354
1.18006046401
1.18000958472
1.17995869565
1.17990779682
1.1798568882
1.1798059698
1.17975504161
1.17970410362
1.17965315584
1.17960219825
1.17955123085
1.17950025365
1.17944926662
1.17939826977
1.1793472631
1.17929624659
1.17924522025
1.17919418407
1.17914313804
1.17909208216
1.17904101642
1.17898994083
1.17893885537
1.17888776004
1.17883665483
1.17878553975
1.17873441478
1.17868327992
1.17863213517
1.17858098052
1.17852981597
1.17847864151
1.17842745714
1.17837626285
1.17832505864
1.1782738445
1.17822262043
1.17817138642
1.17812014247
1.17806888857
1.17801762473
1.17796635092
1.17791506716
1.17786377343
1.17781246973
1.17776115605
1.1777098324
1.17765849875
1.17760715512
1.1775558015
1.17750443787
1.17745306424
1.1774016806
1.17735028694
1.17729888327
1.17724746957
1.17719604584
1.17714461208
1.17709316828
1.17704171444
1.17699025055
1.1769387766
1.1768872926
1.17683579853
1.1767842944
1.17673278019
1.1766812559
1.17662972153
1.17657817707
1.17652662252
1.17647505787
1.17642348312
1.17637189826
1.17632030329
1.1762686982
1.17621708299
1.17616545765
1.17611382218
1.17606217657
1.17601052082
1.17595885492
1.17590717887
1.17585549266
1.17580379628
1.17575208974
1.17570037303
1.17564864614
1.17559690907
1.17554516181
1.17549340436
1.17544163671
1.17538985886
1.1753380708
1.17528627253
1.17523446404
1.17518264533
1.17513081639
1.17507897721
1.1750271278
1.17497526815
1.17492339825
1.17487151809
1.17481962768
1.17476772701
1.17471581606
1.17466389485
1.17461196335
1.17456002157
1.1745080695
1.17445610714
1.17440413448
1.17435215152
1.17430015825
1.17424815466
1.17419614075
1.17414411652
1.17409208196
1.17404003707
1.17398798184
1.17393591626
1.17388384033
1.17383175404
1.1737796574
1.17372755039
1.17367543301
1.17362330525
1.17357116712
1.17351901859
1.17346685968
1.17341469037
1.17336251066
1.17331032054
1.17325812001
1.17320590906
1.17315368769
1.17310145589
1.17304921366
1.17299696099
1.17294469788
1.17289242432
1.1728401403
1.17278784583
1.17273554089
1.17268322548
1.1726308996
1.17257856324
1.1725262164
1.17247385906
1.17242149123
1.17236911289
1.17231672405
1.1722643247
1.17221191484
1.17215949445
1.17210706353
1.17205462208
1.17200217009
1.17194970756
1.17189723449
1.17184475085
1.17179225666
1.17173975191
1.17168723658
1.17163471068
1.1715821742
1.17152962714
1.17147706948
1.17142450123
1.17137192237
1.17131933291
1.17126673283
1.17121412214
1.17116150083
1.17110886888
1.17105622631
1.17100357309
1.17095090923
1.17089823472
1.17084554955
1.17079285372
1.17074014723
1.17068743007
1.17063470223
1.1705819637
1.17052921449
1.17047645459
1.17042368398
1.17037090268
1.17031811066
1.17026530793
1.17021249448
1.1701596703
1.17010683539
1.17005398975
1.17000113336
1.16994826622
1.16989538834
1.16984249969
1.16978960028
1.1697366901
1.16968376915
1.16963083741
1.16957789489
1.16952494158
1.16947197747
1.16941900256
1.16936601684
1.16931302031
1.16926001295
1.16920699478
1.16915396577
1.16910092593
1.16904787525
1.16899481372
1.16894174134
1.1688886581
1.168835564
1.16878245902
1.16872934318
1.16867621645
1.16862307884
1.16856993034
1.16851677094
1.16846360064
1.16841041943
1.16835722731
1.16830402427
1.1682508103
1.16819758541
1.16814434958
1.1680911028
1.16803784508
1.16798457641
1.16793129678
1.16787800618
1.16782470461
1.16777139207
1.16771806855
1.16766473404
1.16761138854
1.16755803204
1.16750466454
1.16745128603
1.1673978965
1.16734449596
1.16729108438
1.16723766178
1.16718422814
1.16713078345
1.16707732771
1.16702386092
1.16697038307
1.16691689415
1.16686339417
1.1668098831
1.16675636095
1.16670282771
1.16664928337
1.16659572794
1.16654216139
1.16648858374
1.16643499497
1.16638139507
1.16632778405
1.16627416189
1.16622052858
1.16616688413
1.16611322853
1.16605956177
1.16600588385
1.16595219475
1.16589849448
1.16584478303
1.16579106039
1.16573732656
1.16568358153
1.16562982529
1.16557605784
1.16552227918
1.16546848929
1.16541468817
1.16536087582
1.16530705223
1.16525321739
1.16519937131
1.16514551396
1.16509164535
1.16503776547
1.16498387431
1.16492997188
1.16487605815
1.16482213314
1.16476819682
1.1647142492
1.16466029027
1.16460632002
1.16455233845
1.16449834555
1.16444434131
1.16439032574
1.16433629881
1.16428226054
1.1642282109
1.16417414991
1.16412007754
1.16406599379
1.16401189866
1.16395779215
1.16390367424
1.16384954493
1.16379540421
1.16374125208
1.16368708853
1.16363291356
1.16357872716
1.16352452932
1.16347032003
1.1634160993
1.16336186712
1.16330762347
1.16325336836
1.16319910177
1.1631448237
1.16309053415
1.16303623311
1.16298192058
1.16292759653
1.16287326098
1.16281891392
1.16276455533
1.16271018521
1.16265580356
1.16260141037
1.16254700564
1.16249258935
1.16243816151
1.1623837221
1.16232927112
1.16227480856
1.16222033442
1.16216584869
1.16211135137
1.16205684244
1.16200232191
1.16194778976
1.16189324599
1.1618386906
1.16178412358
1.16172954491
1.16167495461
1.16162035265
1.16156573903
1.16151111375
1.1614564768
1.16140182818
1.16134716787
1.16129249587
1.16123781218
1.16118311679
1.1611284097
1.16107369088
1.16101896035
1.1609642181
1.16090946411
1.16085469838
1.16079992091
1.16074513169
1.16069033071
1.16063551796
1.16058069345
1.16052585716
1.16047100909
1.16041614922
1.16036127757
1.16030639411
1.16025149884
1.16019659176
1.16014167286
1.16008674213
1.16003179957
1.15997684517
1.15992187892
1.15986690082
1.15981191086
1.15975690903
1.15970189534
1.15964686976
1.1595918323
1.15953678295
1.15948172171
1.15942664855
1.15937156349
1.15931646651
1.15926135761
1.15920623678
1.15915110401
1.1590959593
1.15904080264
1.15898563403
1.15893045345
1.15887526091
1.15882005639
1.15876483989
1.1587096114
1.15865437091
1.15859911843
1.15854385394
1.15848857743
1.1584332889
1.15837798835
1.15832267576
1.15826735113
1.15821201446
1.15815666573
1.15810130494
1.15804593209
1.15799054716
1.15793515016
1.15787974106
1.15782431988
1.15776888659
1.1577134412
1.1576579837
1.15760251408
1.15754703233
1.15749153845
1.15743603243
1.15738051426
1.15732498394
1.15726944146
1.15721388682
1.15715832001
1.15710274101
1.15704714983
1.15699154646
1.15693593089
1.15688030311
1.15682466312
1.15676901091
1.15671334648
1.15665766981
1.1566019809
1.15654627975
1.15649056634
1.15643484068
1.15637910275
1.15632335254
1.15626759006
1.15621181529
1.15615602822
1.15610022886
1.15604441719
1.1559885932
1.1559327569
1.15587690827
1.1558210473
1.15576517399
1.15570928834
1.15565339033
1.15559747996
1.15554155722
1.1554856221
1.15542967461
1.15537371472
1.15531774244
1.15526175776
1.15520576067
1.15514975116
1.15509372923
1.15503769487
1.15498164807
1.15492558883
1.15486951713
1.15481343298
1.15475733637
1.15470122728
1.15464510572
1.15458897167
1.15453282512
1.15447666608
1.15442049454
1.15436431047
1.15430811389
1.15425190479
1.15419568314
1.15413944896
1.15408320223
1.15402694294
1.15397067109
1.15391438668
1.15385808968
1.15380178011
1.15374545794
1.15368912317
1.15363277581
1.15357641583
1.15352004323
1.153463658
1.15340726015
1.15335084965
1.15329442651
1.15323799071
1.15318154226
1.15312508113
1.15306860733
1.15301212085
1.15295562168
1.15289910981
1.15284258524
1.15278604795
1.15272949795
1.15267293523
1.15261635977
1.15255977157
1.15250317063
1.15244655693
1.15238993048
1.15233329125
1.15227663925
1.15221997447
1.15216329689
1.15210660652
1.15204990335
1.15199318736
1.15193645856
1.15187971693
1.15182296246
1.15176619516
1.15170941501
1.151652622
1.15159581613
1.15153899739
1.15148216578
1.15142532128
1.15136846389
1.1513115936
1.15125471041
1.1511978143
1.15114090527
1.15108398331
1.15102704842
1.15097010058
1.1509131398
1.15085616606
1.15079917935
1.15074217967
1.15068516701
1.15062814136
1.15057110272
1.15051405108
1.15045698643
1.15039990876
1.15034281807
1.15028571435
1.15022859759
1.15017146778
1.15011432492
1.15005716899
1.15
1.14994281793
1.14988562278
1.14982841454
1.1497711932
1.14971395875
1.14965671119
1.1495994505
1.14954217669
1.14948488975
1.14942758965
1.14937027641
1.14931295001
1.14925561044
1.1491982577
1.14914089178
1.14908351267
1.14902612036
1.14896871484
1.14891129612
1.14885386418
1.148796419
1.1487389606
1.14868148895
1.14862400405
1.1485665059
1.14850899447
1.14845146978
1.14839393181
1.14833638054
1.14827881598
1.14822123812
1.14816364695
1.14810604246
1.14804842464
1.14799079348
1.14793314899
1.14787549114
1.14781781994
1.14776013537
1.14770243743
1.14764472611
1.1475870014
1.14752926329
1.14747151178
1.14741374685
1.14735596851
1.14729817674
1.14724037154
1.14718255289
1.14712472079
1.14706687523
1.14700901621
1.14695114371
1.14689325773
1.14683535826
1.14677744529
1.14671951881
1.14666157882
1.14660362531
1.14654565827
1.1464876777
1.14642968357
1.1463716759
1.14631365466
1.14625561985
1.14619757147
1.1461395095
1.14608143394
1.14602334478
1.14596524201
1.14590712563
1.14584899561
1.14579085197
1.14573269468
1.14567452375
1.14561633916
1.1455581409
1.14549992898
1.14544170337
1.14538346407
1.14532521107
1.14526694437
1.14520866396
1.14515036983
1.14509206196
1.14503374036
1.14497540502
1.14491705592
1.14485869306
1.14480031643
1.14474192602
1.14468352182
1.14462510383
1.14456667204
1.14450822644
1.14444976702
1.14439129378
1.1443328067
1.14427430577
1.144215791
1.14415726236
1.14409871986
1.14404016348
1.14398159322
1.14392300906
1.143864411
1.14380579904
1.14374717316
1.14368853335
1.14362987961
1.14357121193
1.14351253029
1.1434538347
1.14339512514
1.14333640161
1.14327766409
1.14321891258
1.14316014707
1.14310136756
1.14304257402
1.14298376646
1.14292494487
1.14286610923
1.14280725955
1.14274839581
1.14268951799
1.14263062611
1.14257172014
1.14251280007
1.14245386591
1.14239491764
1.14233595525
1.14227697873
1.14221798808
1.14215898329
1.14209996434
1.14204093123
1.14198188396
1.14192282251
1.14186374687
1.14180465704
1.14174555301
1.14168643476
1.1416273023
1.14156815561
1.14150899468
1.1414498195
1.14139063008
1.14133142638
1.14127220842
1.14121297618
1.14115372965
1.14109446882
1.14103519369
1.14097590424
1.14091660047
1.14085728237
1.14079794993
1.14073860314
1.14067924199
1.14061986648
1.14056047659
1.14050107232
1.14044165365
1.14038222059
1.14032277311
1.14026331122
1.1402038349
1.14014434414
1.14008483894
1.14002531928
1.13996578517
1.13990623658
1.13984667351
1.13978709595
1.13972750389
1.13966789733
1.13960827626
1.13954864066
1.13948899052
1.13942932585
1.13936964662
1.13930995284
1.13925024448
1.13919052155
1.13913078403
1.13907103192
1.13901126521
1.13895148388
1.13889168793
1.13883187735
1.13877205212
1.13871221225
1.13865235773
1.13859248853
1.13853260466
1.13847270611
1.13841279286
1.13835286491
1.13829292225
1.13823296487
1.13817299275
1.1381130059
1.1380530043
1.13799298795
1.13793295682
1.13787291093
1.13781285024
1.13775277477
1.13769268449
1.1376325794
1.13757245949
1.13751232476
1.13745217518
1.13739201075
1.13733183147
1.13727163732
1.13721142829
1.13715120438
1.13709096558
1.13703071187
1.13697044325
1.13691015971
1.13684986124
1.13678954782
1.13672921946
1.13666887614
1.13660851785
1.13654814459
1.13648775634
1.13642735309
1.13636693483
1.13630650157
1.13624605327
1.13618558995
1.13612511158
1.13606461816
1.13600410968
1.13594358613
1.1358830475
1.13582249378
1.13576192496
1.13570134103
1.13564074199
1.13558012782
1.13551949851
1.13545885405
1.13539819444
1.13533751967
1.13527682972
1.13521612459
1.13515540426
1.13509466873
1.13503391799
1.13497315202
1.13491237083
1.13485157439
1.13479076271
1.13472993576
1.13466909354
1.13460823605
1.13454736326
1.13448647518
1.13442557179
1.13436465308
1.13430371904
1.13424276967
1.13418180494
1.13412082487
1.13405982943
1.13399881861
1.1339377924
1.1338767508
1.1338156938
1.13375462138
1.13369353354
1.13363243026
1.13357131154
1.13351017737
1.13344902773
1.13338786262
1.13332668203
1.13326548594
1.13320427435
1.13314304725
1.13308180463
1.13302054647
1.13295927278
1.13289798353
1.13283667872
1.13277535834
1.13271402237
1.13265267082
1.13259130366
1.1325299209
1.13246852251
1.13240710849
1.13234567883
1.13228423352
1.13222277255
1.13216129591
1.13209980359
1.13203829557
1.13197677186
1.13191523243
1.13185367729
1.13179210641
1.13173051979
1.13166891743
1.13160729929
1.13154566539
1.13148401571
1.13142235024
1.13136066896
1.13129897187
1.13123725897
1.13117553022
1.13111378564
1.13105202521
1.13099024891
1.13092845674
1.13086664868
1.13080482474
1.13074298489
1.13068112913
1.13061925744
1.13055736982
1.13049546625
1.13043354673
1.13037161125
1.13030965979
1.13024769235
1.1301857089
1.13012370946
1.130061694
1.12999966251
1.12993761498
1.1298755514
1.12981347177
1.12975137607
1.12968926429
1.12962713642
1.12956499246
1.12950283238
1.12944065618
1.12937846385
1.12931625538
1.12925403076
1.12919178998
1.12912953302
1.12906725988
1.12900497055
1.12894266501
1.12888034326
1.12881800528
1.12875565106
1.1286932806
1.12863089389
1.1285684909
1.12850607164
1.12844363608
1.12838118423
1.12831871607
1.12825623158
1.12819373077
1.12813121361
1.1280686801
1.12800613023
1.12794356398
1.12788098135
1.12781838232
1.12775576688
1.12769313503
1.12763048675
1.12756782203
1.12750514086
1.12744244323
1.12737972913
1.12731699855
1.12725425147
1.12719148789
1.1271287078
1.12706591118
1.12700309802
1.12694026832
1.12687742206
1.12681455923
1.12675167982
1.12668878382
1.12662587122
1.126562942
1.12649999616
1.12643703369
1.12637405457
1.12631105879
1.12624804635
1.12618501723
1.12612197141
1.1260589089
1.12599582967
1.12593273373
1.12586962104
1.12580649162
1.12574334543
1.12568018248
1.12561700275
1.12555380623
1.12549059291
1.12542736278
1.12536411582
1.12530085203
1.12523757139
1.1251742739
1.12511095954
1.1250476283
1.12498428017
1.12492091514
1.12485753319
1.12479413432
1.12473071851
1.12466728576
1.12460383605
1.12454036937
1.12447688571
1.12441338505
1.12434986739
1.12428633272
1.12422278102
1.12415921228
1.12409562649
1.12403202364
1.12396840372
1.12390476672
1.12384111262
1.12377744141
1.12371375309
1.12365004763
1.12358632504
1.12352258529
1.12345882838
1.12339505429
1.12333126301
1.12326745454
1.12320362885
1.12313978594
1.1230759258
1.12301204841
1.12294815377
1.12288424186
1.12282031266
1.12275636618
1.12269240239
1.12262842128
1.12256442285
1.12250040708
1.12243637395
1.12237232347
1.12230825561
1.12224417036
1.12218006772
1.12211594767
1.12205181019
1.12198765528
1.12192348293
1.12185929312
1.12179508584
1.12173086108
1.12166661882
1.12160235907
1.12153808179
1.12147378699
1.12140947464
1.12134514475
1.12128079729
1.12121643225
1.12115204962
1.1210876494
1.12102323156
1.12095879609
1.12089434299
1.12082987225
1.12076538384
1.12070087775
1.12063635399
1.12057181252
1.12050725335
1.12044267645
1.12037808182
1.12031346945
1.12024883932
1.12018419141
1.12011952573
1.12005484225
1.11999014096
1.11992542186
1.11986068492
1.11979593014
1.1197311575
1.119666367
1.11960155861
1.11953673233
1.11947188815
1.11940702604
1.11934214601
1.11927724804
1.11921233211
1.11914739821
1.11908244633
1.11901747647
1.11895248859
1.1188874827
1.11882245878
1.11875741682
1.1186923568
1.11862727872
1.11856218255
1.1184970683
1.11843193594
1.11836678546
1.11830161685
1.1182364301
1.11817122519
1.11810600212
1.11804076086
1.11797550141
1.11791022376
1.11784492788
1.11777961378
1.11771428143
1.11764893082
1.11758356195
1.11751817479
1.11745276934
1.11738734557
1.11732190349
1.11725644308
1.11719096431
1.11712546719
1.1170599517
1.11699441782
1.11692886554
1.11686329485
1.11679770574
1.11673209819
1.11666647219
1.11660082773
1.11653516479
1.11646948337
1.11640378344
1.116338065
1.11627232802
1.11620657251
1.11614079845
1.11607500581
1.1160091946
1.11594336479
1.11587751638
1.11581164935
1.11574576368
1.11567985937
1.1156139364
1.11554799476
1.11548203443
1.1154160554
1.11535005766
1.1152840412
1.11521800599
1.11515195204
1.11508587931
1.11501978781
1.11495367752
1.11488754842
1.11482140051
1.11475523376
1.11468904817
1.11462284371
1.11455662039
1.11449037818
1.11442411707
1.11435783704
1.11429153809
1.1142252202
1.11415888336
1.11409252755
1.11402615276
1.11395975898
1.11389334618
1.11382691437
1.11376046352
1.11369399363
1.11362750467
1.11356099663
1.11349446951
1.11342792328
1.11336135794
1.11329477346
1.11322816984
1.11316154706
1.11309490511
1.11302824398
1.11296156364
1.11289486409
1.11282814532
1.1127614073
1.11269465003
1.11262787348
1.11256107766
1.11249426254
1.11242742811
1.11236057435
1.11229370125
1.11222680881
1.11215989699
1.1120929658
1.11202601521
1.11195904521
1.11189205579
1.11182504693
1.11175801862
1.11169097084
1.11162390359
1.11155681684
1.11148971059
1.11142258481
1.1113554395
1.11128827463
1.1112210902
1.1111538862
1.1110866626
1.11101941939
1.11095215656
1.1108848741
1.11081757198
1.11075025021
1.11068290875
1.1106155476
1.11054816674
1.11048076615
1.11041334584
1.11034590577
1.11027844593
1.11021096632
1.11014346691
1.11007594769
1.11000840865
1.10994084977
1.10987327103
1.10980567243
1.10973805395
1.10967041557
1.10960275728
1.10953507907
1.10946738091
1.1093996628
1.10933192472
1.10926416665
1.10919638859
1.10912859051
1.1090607724
1.10899293424
1.10892507603
1.10885719775
1.10878929938
1.1087213809
1.10865344231
1.10858548358
1.1085175047
1.10844950567
1.10838148645
1.10831344704
1.10824538743
1.10817730759
1.10810920751
1.10804108718
1.10797294658
1.1079047857
1.10783660453
1.10776840304
1.10770018122
1.10763193905
1.10756367653
1.10749539363
1.10742709035
1.10735876666
1.10729042255
1.10722205801
1.10715367302
1.10708526756
1.10701684162
1.10694839518
1.10687992824
1.10681144076
1.10674293275
1.10667440417
1.10660585503
1.10653728529
1.10646869496
1.106400084
1.10633145241
1.10626280016
1.10619412725
1.10612543366
1.10605671938
1.10598798438
1.10591922865
1.10585045217
1.10578165494
1.10571283694
1.10564399814
1.10557513853
1.10550625811
1.10543735684
1.10536843472
1.10529949173
1.10523052786
1.10516154308
1.10509253739
1.10502351076
1.10495446319
1.10488539465
1.10481630513
1.10474719461
1.10467806308
1.10460891052
1.10453973692
1.10447054226
1.10440132652
1.10433208968
1.10426283174
1.10419355268
1.10412425247
1.1040549311
1.10398558857
1.10391622484
1.10384683991
1.10377743375
1.10370800636
1.10363855771
1.10356908779
1.10349959659
1.10343008408
1.10336055025
1.10329099509
1.10322141857
1.10315182069
1.10308220142
1.10301256075
1.10294289866
1.10287321513
1.10280351016
1.10273378371
1.10266403579
1.10259426636
1.10252447542
1.10245466294
1.10238482891
1.10231497331
1.10224509614
1.10217519736
1.10210527696
1.10203533493
1.10196537125
1.1018953859
1.10182537887
1.10175535014
1.10168529968
1.1016152275
1.10154513356
1.10147501786
1.10140488037
1.10133472107
1.10126453996
1.10119433702
1.10112411221
1.10105386554
1.10098359699
1.10091330652
1.10084299414
1.10077265982
1.10070230354
1.10063192529
1.10056152505
1.10049110281
1.10042065854
1.10035019222
1.10027970385
1.10020919341
1.10013866087
1.10006810622
1.09999752944
1.09992693052
1.09985630943
1.09978566616
1.0997150007
1.09964431302
1.09957360311
1.09950287095
1.09943211652
1.09936133981
1.0992905408
1.09921971946
1.09914887579
1.09907800976
1.09900712136
1.09893621057
1.09886527737
1.09879432175
1.09872334368
1.09865234315
1.09858132014
1.09851027463
1.09843920661
1.09836811606
1.09829700295
1.09822586728
1.09815470902
1.09808352816
1.09801232467
1.09794109854
1.09786984976
1.0977985783
1.09772728414
1.09765596728
1.09758462768
1.09751326533
1.09744188022
1.09737047232
1.09729904162
1.0972275881
1.09715611174
1.09708461252
1.09701309042
1.09694154543
1.09686997753
1.0967983867
1.09672677291
1.09665513616
1.09658347642
1.09651179368
1.09644008792
1.09636835911
1.09629660724
1.0962248323
1.09615303425
1.09608121309
1.0960093688
1.09593750135
1.09586561073
1.09579369692
1.09572175991
1.09564979966
1.09557781617
1.09550580941
1.09543377936
1.09536172602
1.09528964935
1.09521754934
1.09514542597
1.09507327922
1.09500110908
1.09492891551
1.09485669852
1.09478445806
1.09471219414
1.09463990672
1.09456759579
1.09449526133
1.09442290331
1.09435052173
1.09427811656
1.09420568778
1.09413323538
1.09406075933
1.09398825961
1.09391573621
1.0938431891
1.09377061827
1.0936980237
1.09362540536
1.09355276325
1.09348009733
1.09340740759
1.093334694
1.09326195656
1.09318919524
1.09311641002
1.09304360089
1.09297076781
1.09289791077
1.09282502976
1.09275212475
1.09267919572
1.09260624265
1.09253326553
1.09246026433
1.09238723903
1.09231418962
1.09224111607
1.09216801836
1.09209489648
1.0920217504
1.09194858011
1.09187538557
1.09180216678
1.09172892372
1.09165565635
1.09158236467
1.09150904866
1.09143570828
1.09136234353
1.09128895438
1.09121554081
1.0911421028
1.09106864034
1.09099515339
1.09092164194
1.09084810598
1.09077454547
1.09070096041
1.09062735076
1.09055371651
1.09048005763
1.09040637411
1.09033266593
1.09025893307
1.0901851755
1.0901113932
1.09003758616
1.08996375434
1.08988989774
1.08981601634
1.0897421101
1.08966817901
1.08959422305
1.08952024219
1.08944623643
1.08937220573
1.08929815007
1.08922406943
1.0891499638
1.08907583315
1.08900167746
1.08892749671
1.08885329088
1.08877905994
1.08870480388
1.08863052267
1.0885562163
1.08848188473
1.08840752796
1.08833314596
1.0882587387
1.08818430617
1.08810984834
1.08803536519
1.08796085671
1.08788632287
1.08781176364
1.08773717901
1.08766256896
1.08758793346
1.08751327249
1.08743858603
1.08736387406
1.08728913655
1.08721437349
1.08713958485
1.08706477061
1.08698993075
1.08691506525
1.08684017408
1.08676525723
1.08669031466
1.08661534637
1.08654035232
1.08646533249
1.08639028687
1.08631521543
1.08624011814
1.08616499499
1.08608984596
1.08601467101
1.08593947014
1.08586424331
1.0857889905
1.0857137117
1.08563840687
1.085563076
1.08548771907
1.08541233604
1.08533692691
1.08526149164
1.08518603022
1.08511054261
1.0850350288
1.08495948877
1.0848839225
1.08480832995
1.08473271111
1.08465706595
1.08458139445
1.08450569659
1.08442997235
1.0843542217
1.08427844462
1.08420264108
1.08412681107
1.08405095456
1.08397507152
1.08389916194
1.08382322579
1.08374726305
1.08367127368
1.08359525768
1.08351921502
1.08344314567
1.08336704961
1.08329092682
1.08321477727
1.08313860094
1.08306239781
1.08298616785
1.08290991103
1.08283362735
1.08275731676
1.08268097926
1.0826046148
1.08252822338
1.08245180497
1.08237535953
1.08229888706
1.08222238752
1.08214586089
1.08206930715
1.08199272627
1.08191611823
1.08183948301
1.08176282057
1.08168613091
1.08160941398
1.08153266977
1.08145589826
1.08137909941
1.08130227322
1.08122541964
1.08114853865
1.08107163024
1.08099469438
1.08091773104
1.0808407402
1.08076372183
1.08068667591
1.08060960242
1.08053250133
1.08045537261
1.08037821624
1.08030103219
1.08022382045
1.08014658098
1.08006931377
1.07999201878
1.07991469599
1.07983734538
1.07975996692
1.07968256058
1.07960512635
1.07952766419
1.07945017408
1.07937265599
1.07929510991
1.0792175358
1.07913993364
1.07906230341
1.07898464507
1.0789069586
1.07882924399
1.07875150119
1.0786737302
1.07859593097
1.07851810349
1.07844024773
1.07836236366
1.07828445126
1.0782065105
1.07812854136
1.07805054381
1.07797251783
1.07789446338
1.07781638045
1.077738269
1.07766012902
1.07758196047
1.07750376332
1.07742553756
1.07734728316
1.07726900009
1.07719068832
1.07711234783
1.07703397859
1.07695558057
1.07687715376
1.07679869811
1.07672021361
1.07664170023
1.07656315794
1.07648458672
1.07640598654
1.07632735737
1.07624869918
1.07617001195
1.07609129566
1.07601255027
1.07593377576
1.0758549721
1.07577613926
1.07569727722
1.07561838595
1.07553946543
1.07546051562
1.0753815365
1.07530252804
1.07522349021
1.07514442299
1.07506532635
1.07498620027
1.07490704471
1.07482785964
1.07474864505
1.0746694009
1.07459012716
1.07451082381
1.07443149082
1.07435212816
1.0742727358
1.07419331372
1.07411386189
1.07403438028
1.07395486887
1.07387532761
1.0737957565
1.07371615549
1.07363652456
1.07355686369
1.07347717283
1.07339745198
1.07331770109
1.07323792014
1.07315810911
1.07307826795
1.07299839665
1.07291849518
1.0728385635
1.07275860159
1.07267860942
1.07259858696
1.07251853419
1.07243845107
1.07235833757
1.07227819367
1.07219801934
1.07211781455
1.07203757927
1.07195731346
1.07187701711
1.07179669019
1.07171633265
1.07163594448
1.07155552564
1.07147507612
1.07139459586
1.07131408486
1.07123354307
1.07115297047
1.07107236703
1.07099173271
1.0709110675
1.07083037136
1.07074964426
1.07066888617
1.07058809706
1.0705072769
1.07042642566
1.07034554331
1.07026462983
1.07018368518
1.07010270932
1.07002170224
1.0699406639
1.06985959428
1.06977849333
1.06969736103
1.06961619735
1.06953500227
1.06945377574
1.06937251774
1.06929122824
1.06920990721
1.06912855462
1.06904717043
1.06896575462
1.06888430715
1.068802828
1.06872131713
1.06863977452
1.06855820013
1.06847659392
1.06839495588
1.06831328597
1.06823158415
1.0681498504
1.06806808469
1.06798628698
1.06790445724
1.06782259545
1.06774070156
1.06765877555
1.06757681739
1.06749482705
1.06741280448
1.06733074968
1.06724866259
1.06716654319
1.06708439144
1.06700220732
1.0669199908
1.06683774183
1.0667554604
1.06667314646
1.06659079999
1.06650842094
1.0664260093
1.06634356503
1.06626108809
1.06617857846
1.0660960361
1.06601346098
1.06593085306
1.06584821231
1.06576553871
1.06568283222
1.0656000928
1.06551732042
1.06543451505
1.06535167666
1.06526880522
1.06518590068
1.06510296303
1.06501999221
1.06493698821
1.06485395099
1.06477088051
1.06468777675
1.06460463966
1.06452146922
1.06443826539
1.06435502814
1.06427175743
1.06418845323
1.06410511552
1.06402174424
1.06393833937
1.06385490088
1.06377142873
1.06368792289
1.06360438333
1.06352081
1.06343720288
1.06335356193
1.06326988712
1.06318617841
1.06310243577
1.06301865916
1.06293484855
1.06285100391
1.0627671252
1.06268321239
1.06259926543
1.06251528431
1.06243126897
1.06234721939
1.06226313554
1.06217901737
1.06209486485
1.06201067795
1.06192645663
1.06184220086
1.0617579106
1.06167358581
1.06158922647
1.06150483253
1.06142040396
1.06133594073
1.06125144279
1.06116691012
1.06108234267
1.06099774042
1.06091310332
1.06082843134
1.06074372445
1.0606589826
1.06057420576
1.0604893939
1.06040454698
1.06031966496
1.06023474781
1.06014979549
1.06006480796
1.05997978519
1.05989472714
1.05980963378
1.05972450506
1.05963934095
1.05955414142
1.05946890643
1.05938363593
1.0592983299
1.05921298829
1.05912761108
1.05904219821
1.05895674966
1.05887126539
1.05878574535
1.05870018952
1.05861459786
1.05852897032
1.05844330687
1.05835760748
1.0582718721
1.05818610069
1.05810029323
1.05801444966
1.05792856996
1.05784265409
1.057756702
1.05767071365
1.05758468902
1.05749862806
1.05741253074
1.05732639701
1.05724022684
1.05715402018
1.05706777701
1.05698149727
1.05689518094
1.05680882797
1.05672243832
1.05663601196
1.05654954885
1.05646304894
1.0563765122
1.05628993859
1.05620332807
1.0561166806
1.05602999614
1.05594327466
1.0558565161
1.05576972043
1.05568288762
1.05559601762
1.05550911039
1.0554221659
1.0553351841
1.05524816495
1.05516110841
1.05507401445
1.05498688302
1.05489971408
1.05481250759
1.05472526351
1.0546379818
1.05455066242
1.05446330534
1.0543759105
1.05428847787
1.0542010074
1.05411349906
1.05402595281
1.05393836859
1.05385074639
1.05376308614
1.05367538781
1.05358765136
1.05349987675
1.05341206394
1.05332421287
1.05323632352
1.05314839584
1.05306042979
1.05297242533
1.05288438241
1.052796301
1.05270818104
1.05262002251
1.05253182535
1.05244358952
1.05235531498
1.0522670017
1.05217864962
1.05209025871
1.05200182891
1.0519133602
1.05182485252
1.05173630583
1.05164772009
1.05155909526
1.05147043129
1.05138172815
1.05129298578
1.05120420414
1.05111538319
1.05102652289
1.0509376232
1.05084868406
1.05075970543
1.05067068728
1.05058162956
1.05049253222
1.05040339522
1.05031421851
1.05022500206
1.05013574581
1.05004644972
1.04995711376
1.04986773786
1.049778322
1.04968886611
1.04959937017
1.04950983412
1.04942025792
1.04933064153
1.04924098489
1.04915128797
1.04906155072
1.04897177309
1.04888195504
1.04879209652
1.04870219748
1.04861225789
1.0485222777
1.04843225685
1.0483421953
1.04825209302
1.04816194994
1.04807176603
1.04798154124
1.04789127552
1.04780096883
1.04771062112
1.04762023234
1.04752980244
1.04743933139
1.04734881912
1.04725826561
1.04716767079
1.04707703462
1.04698635706
1.04689563805
1.04680487755
1.04671407552
1.0466232319
1.04653234665
1.04644141971
1.04635045105
1.04625944061
1.04616838834
1.04607729421
1.04598615815
1.04589498012
1.04580376008
1.04571249797
1.04562119374
1.04552984735
1.04543845875
1.04534702789
1.04525555472
1.04516403919
1.04507248126
1.04498088086
1.04488923796
1.04479755251
1.04470582445
1.04461405374
1.04452224032
1.04443038415
1.04433848517
1.04424654335
1.04415455862
1.04406253093
1.04397046024
1.0438783465
1.04378618966
1.04369398965
1.04360174645
1.04350945999
1.04341713022
1.04332475709
1.04323234056
1.04313988056
1.04304737706
1.04295482999
1.04286223931
1.04276960497
1.04267692691
1.04258420508
1.04249143943
1.04239862991
1.04230577647
1.04221287905
1.04211993761
1.04202695209
1.04193392243
1.04184084859
1.04174773052
1.04165456815
1.04156136144
1.04146811034
1.04137481479
1.04128147474
1.04118809014
1.04109466093
1.04100118706
1.04090766847
1.04081410512
1.04072049695
1.0406268439
1.04053314593
1.04043940297
1.04034561498
1.04025178189
1.04015790366
1.04006398023
1.03997001155
1.03987599756
1.03978193821
1.03968783344
1.0395936832
1.03949948743
1.03940524608
1.0393109591
1.03921662641
1.03912224799
1.03902782375
1.03893335366
1.03883883765
1.03874427568
1.03864966767
1.03855501358
1.03846031336
1.03836556694
1.03827077426
1.03817593528
1.03808104993
1.03798611817
1.03789113992
1.03779611514
1.03770104377
1.03760592575
1.03751076102
1.03741554952
1.03732029121
1.03722498602
1.03712963388
1.03703423476
1.03693878858
1.03684329529
1.03674775484
1.03665216715
1.03655653218
1.03646084987
1.03636512015
1.03626934297
1.03617351828
1.036077646
1.03598172608
1.03588575847
1.0357897431
1.03569367991
1.03559756885
1.03550140985
1.03540520285
1.03530894781
1.03521264464
1.0351162933
1.03501989372
1.03492344585
1.03482694962
1.03473040497
1.03463381185
1.03453717018
1.03444047991
1.03434374099
1.03424695334
1.0341501169
1.03405323162
1.03395629744
1.03385931428
1.03376228209
1.03366520082
1.03356807038
1.03347089073
1.0333736618
1.03327638352
1.03317905584
1.0330816787
1.03298425202
1.03288677575
1.03278924982
1.03269167417
1.03259404874
1.03249637346
1.03239864827
1.03230087311
1.03220304791
1.0321051726
1.03200724713
1.03190927143
1.03181124543
1.03171316907
1.03161504229
1.03151686502
1.03141863719
1.03132035874
1.03122202961
1.03112364973
1.03102521903
1.03092673745
1.03082820492
1.03072962138
1.03063098676
1.03053230099
1.03043356401
1.03033477575
1.03023593615
1.03013704513
1.03003810264
1.0299391086
1.02984006295
1.02974096561
1.02964181653
1.02954261563
1.02944336285
1.02934405812
1.02924470137
1.02914529253
1.02904583154
1.02894631832
1.02884675281
1.02874713494
1.02864746463
1.02854774183
1.02844796646
1.02834813845
1.02824825773
1.02814832424
1.0280483379
1.02794829864
1.02784820639
1.02774806109
1.02764786266
1.02754761103
1.02744730614
1.0273469479
1.02724653626
1.02714607113
1.02704555245
1.02694498014
1.02684435414
1.02674367438
1.02664294077
1.02654215325
1.02644131175
1.02634041619
1.0262394665
1.02613846261
1.02603740445
1.02593629194
1.02583512501
1.02573390359
1.0256326276
1.02553129697
1.02542991162
1.02532847149
1.0252269765
1.02512542657
1.02502382162
1.0249221616
1.02482044641
1.02471867599
1.02461685026
1.02451496914
1.02441303256
1.02431104045
1.02420899272
1.02410688931
1.02400473013
1.02390251511
1.02380024418
1.02369791725
1.02359553425
1.02349309511
1.02339059975
1.02328804808
1.02318544003
1.02308277553
1.0229800545
1.02287727686
1.02277444252
1.02267155142
1.02256860347
1.0224655986
1.02236253672
1.02225941777
1.02215624165
1.02205300829
1.02194971761
1.02184636953
1.02174296397
1.02163950085
1.0215359801
1.02143240162
1.02132876534
1.02122507118
1.02112131906
1.02101750889
1.02091364061
1.02080971411
1.02070572933
1.02060168618
1.02049758457
1.02039342444
1.02028920569
1.02018492824
1.020080592
1.01997619691
1.01987174287
1.0197672298
1.01966265761
1.01955802623
1.01945333556
1.01934858553
1.01924377605
1.01913890704
1.01903397841
1.01892899007
1.01882394195
1.01871883395
1.018613666
1.01850843799
1.01840314986
1.01829780152
1.01819239287
1.01808692383
1.01798139432
1.01787580424
1.01777015351
1.01766444205
1.01755866977
1.01745283657
1.01734694238
1.01724098709
1.01713497064
1.01702889292
1.01692275384
1.01681655333
1.01671029129
1.01660396762
1.01649758225
1.01639113509
1.01628462603
1.01617805499
1.01607142189
1.01596472663
1.01585796912
1.01575114927
1.01564426698
1.01553732218
1.01543031476
1.01532324464
1.01521611171
1.0151089159
1.01500165711
1.01489433524
1.0147869502
1.0146795019
1.01457199025
1.01446441515
1.01435677651
1.01424907424
1.01414130823
1.0140334784
1.01392558466
1.0138176269
1.01370960503
1.01360151896
1.01349336859
1.01338515383
1.01327687457
1.01316853073
1.01306012221
1.01295164891
1.01284311073
1.01273450758
1.01262583935
1.01251710596
1.0124083073
1.01229944328
1.0121905138
1.01208151875
1.01197245805
1.01186333158
1.01175413926
1.01164488098
1.01153555665
1.01142616615
1.0113167094
1.0112071863
1.01109759673
1.01098794061
1.01087821782
1.01076842827
1.01065857186
1.01054864849
1.01043865805
1.01032860043
1.01021847555
1.01010828329
1.00999802355
1.00988769623
1.00977730123
1.00966683843
1.00955630774
1.00944570905
1.00933504227
1.00922430727
1.00911350396
1.00900263223
1.00889169198
1.0087806831
1.00866960548
1.00855845902
1.00844724361
1.00833595914
1.00822460551
1.00811318261
1.00800169033
1.00789012856
1.0077784972
1.00766679613
1.00755502525
1.00744318445
1.00733127361
1.00721929263
1.0071072414
1.00699511981
1.00688292775
1.00677066511
1.00665833177
1.00654592762
1.00643345256
1.00632090646
1.00620828923
1.00609560074
1.00598284088
1.00587000955
1.00575710662
1.00564413198
1.00553108552
1.00541796713
1.00530477669
1.00519151408
1.00507817919
1.00496477191
1.00485129212
1.00473773969
1.00462411453
1.00451041651
1.0043966455
1.00428280141
1.0041688841
1.00405489346
1.00394082938
1.00382669173
1.00371248039
1.00359819525
1.00348383619
1.00336940309
1.00325489582
1.00314031427
1.00302565832
1.00291092784
1.00279612271
1.00268124282
1.00256628804
1.00245125825
1.00233615332
1.00222097314
1.00210571758
1.00199038651
1.00187497982
1.00175949738
1.00164393906
1.00152830474
1.00141259429
1.0012968076
1.00118094453
1.00106500495
1.00094898875
1.00083289579
1.00071672595
1.0006004791
1.00048415511
1.00036775385
1.0002512752
1.00013471903
1.0000180852
0.999901373595
0.999784584075
0.999667716514
0.999550770781
0.999433746745
0.999316644274
0.999199463237
0.999082203502
0.998964864938
0.998847447411
0.998729950787
0.998612374935
0.998494719721
0.998376985009
0.998259170666
0.998141276558
0.998023302548
0.997905248501
0.997787114282
0.997668899754
0.997550604781
0.997432229225
0.997313772949
0.997195235816
0.997076617688
0.996957918425
0.996839137889
0.99672027594
0.99660133244
0.996482307248
0.996363200223
0.996244011226
0.996124740114
0.996005386745
0.995885950979
0.995766432673
0.995646831684
0.995527147868
0.995407381083
0.995287531184
0.995167598027
0.995047581467
0.994927481359
0.994807297558
0.994687029918
0.994566678291
0.994446242532
0.994325722494
0.994205118028
0.994084428986
0.993963655221
0.993842796583
0.993721852923
0.993600824092
0.993479709938
0.993358510313
0.993237225064
0.993115854041
0.992994397092
0.992872854063
0.992751224804
0.99262950916
0.992507706978
0.992385818104
0.992263842383
0.992141779662
0.992019629783
0.991897392593
0.991775067934
0.99165265565
0.991530155584
0.991407567578
0.991284891474
0.991162127114
0.991039274339
0.990916332989
0.990793302905
0.990670183926
0.990546975893
0.990423678642
0.990300292013
0.990176815844
0.990053249972
0.989929594234
0.989805848466
0.989682012505
0.989558086185
0.989434069342
0.98930996181
0.989185763423
0.989061474016
0.98893709342
0.988812621468
0.988688057993
0.988563402826
0.988438655799
0.98831381674
0.988188885482
0.988063861853
0.987938745683
0.987813536799
0.987688235031
0.987562840205
0.987437352149
0.987311770688
0.98718609565
0.98706032686
0.986934464142
0.986808507322
0.986682456222
0.986556310666
0.986430070478
0.986303735479
0.986177305491
0.986050780336
0.985924159834
0.985797443806
0.98567063207
0.985543724447
0.985416720754
0.98528962081
0.985162424431
0.985035131436
0.98490774164
0.984780254859
0.984652670908
0.984524989602
0.984397210754
0.98426933418
0.98414135969
0.984013287098
0.983885116215
0.983756846853
0.983628478823
0.983500011933
0.983371445995
0.983242780816
0.983114016204
0.982985151969
0.982856187915
0.982727123851
0.982597959582
0.982468694913
0.982339329649
0.982209863594
0.982080296552
0.981950628324
0.981820858714
0.981690987523
0.981561014553
0.981430939602
0.981300762472
0.981170482961
0.981040100868
0.98090961599
0.980779028124
0.980648337069
0.980517542618
0.980386644567
0.980255642712
0.980124536846
0.979993326762
0.979862012252
0.97973059311
0.979599069126
0.979467440091
0.979335705794
0.979203866026
0.979071920575
0.978939869228
0.978807711773
0.978675447997
0.978543077686
0.978410600624
0.978278016596
0.978145325387
0.978012526779
0.977879620554
0.977746606494
0.977613484381
0.977480253995
0.977346915114
0.977213467519
0.977079910987
0.976946245295
0.976812470221
0.97667858554
0.976544591027
0.976410486457
0.976276271604
0.97614194624
0.976007510138
0.975872963069
0.975738304805
0.975603535114
0.975468653767
0.975333660531
0.975198555175
0.975063337465
0.974928007167
0.974792564047
0.97465700787
0.974521338398
0.974385555395
0.974249658624
0.974113647845
0.97397752282
0.973841283307
0.973704929066
0.973568459856
0.973431875433
0.973295175554
0.973158359974
0.973021428449
0.972884380733
0.972747216579
0.972609935738
0.972472537964
0.972335023005
0.972197390613
0.972059640536
0.971921772523
0.97178378632
0.971645681673
0.971507458329
0.971369116033
0.971230654526
0.971092073554
0.970953372857
0.970814552177
0.970675611253
0.970536549826
0.970397367633
0.970258064412
0.9701186399
0.969979093831
0.969839425942
0.969699635965
0.969559723634
0.96941968868
0.969279530835
0.969139249828
0.968998845388
0.968858317245
0.968717665123
0.968576888751
0.968435987853
0.968294962154
0.968153811376
0.968012535242
0.967871133474
0.967729605791
0.967587951913
0.967446171559
0.967304264445
0.967162230288
0.967020068803
0.966877779704
0.966735362706
0.966592817519
0.966450143855
0.966307341424
0.966164409935
0.966021349097
0.965878158615
0.965734838197
0.965591387546
0.965447806368
0.965304094363
0.965160251234
0.965016276682
0.964872170405
0.964727932103
0.964583561471
0.964439058207
0.964294422006
0.96414965256
0.964004749563
0.963859712707
0.963714541681
0.963569236176
0.963423795878
0.963278220476
0.963132509655
0.962986663099
0.962840680493
0.962694561517
0.962548305854
0.962401913184
0.962255383184
0.962108715533
0.961961909907
0.96181496598
0.961667883427
0.961520661921
0.961373301132
0.96122580073
0.961078160385
0.960930379764
0.960782458533
0.960634396358
0.960486192902
0.960337847828
0.960189360797
0.960040731469
0.959891959502
0.959743044553
0.95959398628
0.959444784336
0.959295438374
0.959145948047
0.958996313005
0.958846532898
0.958696607373
0.958546536077
0.958396318655
0.958245954751
0.958095444007
0.957944786064
0.957793980562
0.957643027139
0.957491925431
0.957340675074
0.957189275703
0.957037726948
0.956886028442
0.956734179813
0.95658218069
0.956430030699
0.956277729466
0.956125276614
0.955972671765
0.955819914539
0.955667004557
0.955513941434
0.955360724788
0.955207354232
0.95505382938
0.954900149843
0.954746315231
0.954592325152
0.954438179212
0.954283877016
0.954129418169
0.953974802271
0.953820028924
0.953665097725
0.953510008271
0.953354760158
0.953199352979
0.953043786326
0.95288805979
0.952732172958
0.952576125419
0.952419916756
0.952263546554
0.952107014394
0.951950319857
0.95179346252
0.951636441959
0.95147925775
0.951321909466
0.951164396678
0.951006718954
0.950848875864
0.950690866971
0.950532691841
0.950374350035
0.950215841114
0.950057164636
0.949898320157
0.949739307232
0.949580125414
0.949420774253
0.949261253299
0.949101562098
0.948941700196
0.948781667135
0.948621462457
0.948461085701
0.948300536404
0.948139814101
0.947978918326
0.947817848609
0.947656604479
0.947495185465
0.94733359109
0.947171820878
0.947009874349
0.946847751023
0.946685450416
0.946522972043
0.946360315416
0.946197480045
0.946034465438
0.945871271102
0.945707896541
0.945544341255
0.945380604744
0.945216686506
0.945052586035
0.944888302824
0.944723836363
0.944559186141
0.944394351643
0.944229332353
0.944064127752
0.943898737319
0.943733160531
0.943567396861
0.943401445782
0.943235306762
0.943068979269
0.942902462768
0.94273575672
0.942568860586
0.942401773821
0.942234495882
0.94206702622
0.941899364286
0.941731509525
0.941563461383
0.941395219302
0.941226782722
0.941058151079
0.940889323807
0.940720300338
0.940551080102
0.940381662524
0.940212047029
0.940042233036
0.939872219965
0.93970200723
0.939531594246
0.939360980421
0.939190165162
0.939019147875
0.938847927961
0.938676504818
0.938504877842
0.938333046427
0.938161009962
0.937988767835
0.93781631943
0.937643664128
0.937470801307
0.937297730344
0.937124450609
0.936950961473
0.936777262301
0.936603352457
0.936429231301
0.93625489819
0.936080352477
0.935905593513
0.935730620646
0.935555433219
0.935380030575
0.93520441205
0.93502857698
0.934852524695
0.934676254523
0.934499765789
0.934323057815
0.934146129917
0.933968981411
0.933791611608
0.933614019815
0.933436205336
0.933258167471
0.933079905519
0.932901418772
0.932722706521
0.932543768051
0.932364602646
0.932185209585
0.932005588142
0.931825737591
0.931645657198
0.931465346229
0.931284803943
0.931104029598
0.930923022446
0.930741781736
0.930560306713
0.930378596619
0.930196650691
0.930014468162
0.929832048261
0.929649390214
0.929466493242
0.929283356563
0.929099979388
0.928916360928
0.928732500386
0.928548396964
0.928364049857
0.928179458258
0.927994621354
0.927809538329
0.927624208362
0.927438630627
0.927252804295
0.927066728532
0.926880402498
0.926693825351
0.926506996242
0.92631991432
0.926132578728
0.925944988603
0.92575714308
0.925569041287
0.925380682348
0.925192065383
0.925003189507
0.924814053829
0.924624657453
0.92443499948
0.924245079005
0.924054895116
0.9238644469
0.923673733435
0.923482753796
0.923291507053
0.923099992269
0.922908208504
0.92271615481
0.922523830237
0.922331233826
0.922138364616
0.921945221638
0.921751803918
0.921558110479
0.921364140334
0.921169892493
0.920975365961
0.920780559736
0.92058547281
0.92039010417
0.920194452796
0.919998517663
0.919802297741
0.919605791992
0.919408999374
0.919211918836
0.919014549323
0.918816889774
0.918618939121
0.918420696289
0.918222160199
0.918023329763
0.917824203887
0.917624781472
0.917425061412
0.917225042593
0.917024723895
0.916824104192
0.916623182351
0.916421957231
0.916220427686
0.916018592561
0.915816450696
0.915614000922
0.915411242063
0.915208172939
0.915004792358
0.914801099125
0.914597092034
0.914392769874
0.914188131425
0.913983175462
0.913777900748
0.913572306042
0.913366390094
0.913160151646
0.912953589433
0.91274670218
0.912539488607
0.912331947423
0.91212407733
0.911915877022
0.911707345185
0.911498480495
0.911289281621
0.911079747223
0.910869875954
0.910659666454
0.910449117359
0.910238227293
0.910026994873
0.909815418706
0.909603497389
0.909391229512
0.909178613655
0.908965648388
0.908752332271
0.908538663857
0.908324641686
0.908110264292
0.907895530196
0.907680437911
0.907464985939
0.907249172773
0.907032996896
0.906816456779
0.906599550885
0.906382277664
0.906164635558
0.905946622997
0.905728238401
0.905509480177
0.905290346725
0.90507083643
0.904850947669
0.904630678806
0.904410028194
0.904188994174
0.903967575078
0.903745769223
0.903523574915
0.903300990451
0.903078014111
0.902854644168
0.90263087888
0.902406716491
0.902182155237
0.901957193338
0.901731829002
0.901506060424
0.901279885787
0.901053303261
0.900826311
0.900598907148
0.900371089834
0.900142857174
0.899914207268
0.899685138206
0.89945564806
0.89922573489
0.898995396741
0.898764631644
0.898533437616
0.898301812656
0.898069754752
0.897837261875
0.89760433198
0.897370963009
0.897137152885
0.89690289952
0.896668200805
0.896433054617
0.896197458819
0.895961411255
0.895724909752
0.895487952122
0.89525053616
0.895012659642
0.894774320328
0.894535515961
0.894296244267
0.89405650295
0.893816289702
0.893575602191
0.893334438071
0.893092794975
0.892850670517
0.892608062293
0.892364967879
0.892121384833
0.891877310691
0.89163274297
0.891387679168
0.891142116761
0.890896053206
0.890649485937
0.890402412369
0.890154829895
0.889906735886
0.889658127691
0.889409002639
0.889159358034
0.888909191159
0.888658499274
0.888407279615
0.888155529397
0.887903245808
0.887650426015
0.88739706716
0.88714316636
0.886888720707
0.886633727269
0.886378183088
0.886122085181
0.885865430538
0.885608216124
0.885350438877
0.885092095707
0.884833183498
0.884573699106
0.884313639359
0.884053001058
0.883791780974
0.883529975849
0.883267582396
0.8830045973
0.882741017214
0.882476838761
0.882212058533
0.881946673092
0.881680678968
0.881414072658
0.881146850627
0.880879009309
0.880610545102
0.880341454374
0.880071733454
0.879801378642
0.879530386199
0.879258752352
0.878986473292
0.878713545175
0.878439964118
0.878165726203
0.877890827471
0.877615263929
0.877339031541
0.877062126234
0.876784543896
0.876506280373
0.876227331469
0.87594769295
0.875667360537
0.875386329909
0.875104596703
0.874822156511
0.874539004881
0.874255137316
0.873970549272
0.873685236162
0.873399193348
0.873112416148
0.872824899829
0.872536639611
0.872247630663
0.871957868104
0.871667347002
0.871376062374
0.871084009182
0.870791182337
0.870497576695
0.870203187057
0.869908008168
0.869612034717
0.869315261336
0.869017682597
0.868719293014
0.868420087041
0.868120059072
0.867819203436
0.867517514402
0.867214986176
0.866911612895
0.866607388635
0.866302307402
0.865996363136
0.865689549707
0.865381860916
0.865073290492
0.864763832093
0.864453479302
0.864142225629
0.863830064508
0.863516989295
0.863202993269
0.86288806963
0.862572211496
0.862255411904
0.861937663806
0.861618960072
0.861299293482
0.860978656732
0.860657042428
0.860334443083
0.860010851121
0.859686258871
0.859360658567
0.859034042344
0.858706402242
0.858377730199
0.85804801805
0.857717257527
0.857385440257
0.857052557758
0.85671860144
0.856383562601
0.856047432425
0.855710201982
0.855371862223
0.855032403981
0.854691817965
0.854350094762
0.854007224832
0.853663198505
0.853318005981
0.852971637328
0.852624082474
0.852275331212
0.851925373193
0.851574197922
0.85122179476
0.850868152915
0.850513261447
0.850157109255
0.849799685086
0.849440977519
0.849080974971
0.848719665693
0.84835703776
0.847993079075
0.847627777361
0.84726112016
0.846893094828
0.846523688529
0.846152888235
0.845780680722
0.845407052561
0.845031990117
0.844655479548
0.844277506792
0.84389805757
0.84351711738
0.843134671487
0.842750704925
0.842365202486
0.841978148719
0.841589527922
0.841199324137
0.840807521145
0.84041410246
0.84001905132
0.839622350685
0.839223983229
0.838823931331
0.838422177072
0.838018702225
0.837613488248
0.83720651628
0.836797767127
0.836387221261
0.835974858804
0.835560659529
0.835144602843
0.834726667781
0.834306832998
0.833885076757
0.833461376922
0.833035710945
0.832608055857
0.832178388255
0.831746684295
0.831312919677
0.830877069631
0.830439108911
0.829999011776
0.829556751979
0.829112302756
0.828665636805
0.828216726278
0.827765542762
0.827312057265
0.826856240197
0.826398061356
0.825937489909
0.825474494374
0.825009042601
0.824541101751
0.824070638279
0.823597617908
0.823122005613
0.822643765592
0.822162861247
0.821679255157
0.821192909052
0.820703783789
0.820211839321
0.819717034671
0.819219327899
0.818718676074
0.818215035239
0.817708360377
0.817198605377
0.816685722997
0.816169664825
0.815650381236
0.815127821356
0.814601933013
0.814072662693
0.813539955493
0.813003755069
0.812464003584
0.811920641653
0.811373608289
0.810822840837
0.810268274913
0.80970984434
0.809147481077
0.808581115144
0.808010674548
0.807436085203
0.806857270841
0.806274152927
0.805686650566
0.805094680398
0.804498156503
0.803896990281
0.803291090345
0.802680362394
0.802064709085
0.801444029895
0.80081822098
0.800187175018
0.799550781049
0.798908924304
0.798261486022
0.797608343253
0.79694936866
0.796284430293
0.795613391361
0.794936109982
0.794252438921
0.793562225304
0.792865310323
0.792161528907
0.791450709386
0.790732673114
0.790007234081
0.789274198482
0.788533364266
0.787784520643
0.787027447558
0.786261915118
0.785487682981
0.784704499687
0.783912101944
0.783110213843
0.782298546017
0.781476794716
0.78064464081
0.779801748695
0.778947765098
0.778082317779
0.777205014097
0.77631543944
0.7754131555
0.774497698371
0.773568576443
0.77262526808
0.771667219035
0.770693839584
0.76970450132
0.76869853358
0.767675219438
0.766633791198
0.765573425313
0.764493236646
0.763392271948
0.762269502441
0.761123815332
0.759954004084
0.758758757201
0.757536645246
0.756286105748
0.755005425561
0.753692720128
0.752345908983
0.750962686597
0.749540487486
0.748076444118
0.746567335743
0.74500952566
0.743398883564
0.741730688461
0.739999505888
0.738199030678
0.736321882796
0.734359338037
0.732300966507
0.730134137456
0.727843325283
0.72540911049
0.72280669568
0.72000361704
0.716956050972
0.713602507048
0.70985225066
0.705561907666
0.700481343298
0.694099515339
0.68500180852
0.65
0.68500180852
0.694099515339
0.700481343298
0.705561907666
0.70985225066
0.713602507048
0.716956050972
0.72000361704
0.72280669568
0.72540911049
0.727843325283
0.730134137456
0.732300966507
0.734359338037
0.736321882796
0.738199030678
0.739999505888
0.741730688461
0.743398883564
0.74500952566
0.746567335743
0.748076444118
0.749540487486
0.750962686597
0.752345908983
0.753692720128
0.755005425561
0.756286105748
0.757536645246
0.758758757201
0.759954004084
0.761123815332
0.762269502441
0.763392271948
0.764493236646
0.765573425313
0.766633791198
0.767675219438
0.76869853358
0.76970450132
0.770693839584
0.771667219035
0.77262526808
0.773568576443
0.774497698371
0.7754131555
0.77631543944
0.777205014097
0.778082317779
0.778947765098
0.779801748695
0.78064464081
0.781476794716
0.782298546017
0.783110213843
0.783912101944
0.784704499687
0.785487682981
0.786261915118
0.787027447558
0.787784520643
0.788533364266
0.789274198482
0.790007234081
0.790732673114
0.791450709386
0.792161528907
0.792865310323
0.793562225304
0.794252438921
0.794936109982
0.795613391361
0.796284430293
0.79694936866
0.797608343253
0.798261486022
0.798908924304
0.799550781049
0.800187175018
0.80081822098
0.801444029895
0.802064709085
0.802680362394
0.803291090345
0.803896990281
0.804498156503
0.805094680398
0.805686650566
0.806274152927
0.806857270841
0.807436085203
0.808010674548
0.808581115144
0.809147481077
0.80970984434
0.810268274913
0.810822840837
0.811373608289
0.811920641653
0.812464003584
0.813003755069
0.813539955493
0.814072662693
0.814601933013
0.815127821356
0.815650381236
0.816169664825
0.816685722997
0.817198605377
0.817708360377
0.818215035239
0.818718676074
0.819219327899
0.819717034671
0.820211839321
0.820703783789
0.821192909052
0.821679255157
0.822162861247
0.822643765592
0.823122005613
0.823597617908
0.824070638279
0.824541101751
0.825009042601
0.825474494374
0.825937489909
0.826398061356
0.826856240197
0.827312057265
0.827765542762
0.828216726278
0.828665636805
0.829112302756
0.829556751979
0.829999011776
0.830439108911
0.830877069631
0.831312919677
0.831746684295
0.832178388255
0.832608055857
0.833035710945
0.833461376922
0.833885076757
0.834306832998
0.834726667781
0.835144602843
0.835560659529
0.835974858804
0.836387221261
0.836797767127
0.83720651628
0.837613488248
0.838018702225
0.838422177072
0.838823931331
0.839223983229
0.839622350685
0.84001905132
0.84041410246
0.840807521145
0.841199324137
0.841589527922
0.841978148719
0.842365202486
0.842750704925
0.843134671487
0.84351711738
0.84389805757
0.844277506792
0.844655479548
0.845031990117
0.845407052561
0.845780680722
0.846152888235
0.846523688529
0.846893094828
0.84726112016
0.847627777361
0.847993079075
0.84835703776
0.848719665693
0.849080974971
0.849440977519
0.849799685086
0.850157109255
0.850513261447
0.850868152915
0.85122179476
0.851574197922
0.851925373193
0.852275331212
0.852624082474
0.852971637328
0.853318005981
0.853663198505
0.854007224832
0.854350094762
0.854691817965
0.855032403981
0.855371862223
0.855710201982
0.856047432425
0.856383562601
0.85671860144
0.857052557758
0.857385440257
0.857717257527
0.85804801805
0.858377730199
0.858706402242
0.859034042344
0.859360658567
0.859686258871
0.860010851121
0.860334443083
0.860657042428
0.860978656732
0.861299293482
0.861618960072
0.861937663806
0.862255411904
0.862572211496
0.86288806963
0.863202993269
0.863516989295
0.863830064508
0.864142225629
0.864453479302
0.864763832093
0.865073290492
0.865381860916
0.865689549707
0.865996363136
0.866302307402
0.866607388635
0.866911612895
0.867214986176
0.867517514402
0.867819203436
0.868120059072
0.868420087041
0.868719293014
0.869017682597
0.869315261336
0.869612034717
0.869908008168
0.870203187057
0.870497576695
0.870791182337
0.871084009182
0.871376062374
0.871667347002
0.871957868104
0.872247630663
0.872536639611
0.872824899829
0.873112416148
0.873399193348
0.873685236162
0.873970549272
0.874255137316
0.874539004881
0.874822156511
0.875104596703
0.875386329909
0.875667360537
0.87594769295
0.876227331469
0.876506280373
0.876784543896
0.877062126234
0.877339031541
0.877615263929
0.877890827471
0.878165726203
0.878439964118
0.878713545175
0.878986473292
0.879258752352
0.879530386199
0.879801378642
0.880071733454
0.880341454374
0.880610545102
0.880879009309
0.881146850627
0.881414072658
0.881680678968
0.881946673092
0.882212058533
0.882476838761
0.882741017214
0.8830045973
0.883267582396
0.883529975849
0.883791780974
0.884053001058
0.884313639359
0.884573699106
0.884833183498
0.885092095707
0.885350438877
0.885608216124
0.885865430538
0.886122085181
0.886378183088
0.886633727269
0.886888720707
0.88714316636
0.88739706716
0.887650426015
0.887903245808
0.888155529397
0.888407279615
0.888658499274
0.888909191159
0.889159358034
0.889409002639
0.889658127691
0.889906735886
0.890154829895
0.890402412369
0.890649485937
0.890896053206
0.891142116761
0.891387679168
0.89163274297
0.891877310691
0.892121384833
0.892364967879
0.892608062293
0.892850670517
0.893092794975
0.893334438071
0.893575602191
0.893816289702
0.89405650295
0.894296244267
0.894535515961
0.894774320328
0.895012659642
0.89525053616
0.895487952122
0.895724909752
0.895961411255
0.896197458819
0.896433054617
0.896668200805
0.89690289952
0.897137152885
0.897370963009
0.89760433198
0.897837261875
0.898069754752
0.898301812656
0.898533437616
0.898764631644
0.898995396741
0.89922573489
0.89945564806
0.899685138206
0.899914207268
0.900142857174
0.900371089834
0.900598907148
0.900826311
0.901053303261
0.901279885787
0.901506060424
0.901731829002
0.901957193338
0.902182155237
0.902406716491
0.90263087888
0.902854644168
0.903078014111
0.903300990451
0.903523574915
0.903745769223
0.903967575078
0.904188994174
0.904410028194
0.904630678806
0.904850947669
0.90507083643
0.905290346725
0.905509480177
0.905728238401
0.905946622997
0.906164635558
0.906382277664
0.906599550885
0.906816456779
0.907032996896
0.907249172773
0.907464985939
0.907680437911
0.907895530196
0.908110264292
0.908324641686
0.908538663857
0.908752332271
0.908965648388
0.909178613655
0.909391229512
0.909603497389
0.909815418706
0.910026994873
0.910238227293
0.910449117359
0.910659666454
0.910869875954
0.911079747223
0.911289281621
0.911498480495
0.911707345185
0.911915877022
0.91212407733
0.912331947423
0.912539488607
0.91274670218
0.912953589433
0.913160151646
0.913366390094
0.913572306042
0.913777900748
0.913983175462
0.914188131425
0.914392769874
0.914597092034
0.914801099125
0.915004792358
0.915208172939
0.915411242063
0.915614000922
0.915816450696
0.916018592561
0.916220427686
0.916421957231
0.916623182351
0.916824104192
0.917024723895
0.917225042593
0.917425061412
0.917624781472
0.917824203887
0.918023329763
0.918222160199
0.918420696289
0.918618939121
0.918816889774
0.919014549323
0.919211918836
0.919408999374
0.919605791992
0.919802297741
0.919998517663
0.920194452796
0.92039010417
0.92058547281
0.920780559736
0.920975365961
0.921169892493
0.921364140334
0.921558110479
0.921751803918
0.921945221638
0.922138364616
0.922331233826
0.922523830237
0.92271615481
0.922908208504
0.923099992269
0.923291507053
0.923482753796
0.923673733435
0.9238644469
0.924054895116
0.924245079005
0.92443499948
0.924624657453
0.924814053829
0.925003189507
0.925192065383
0.925380682348
0.925569041287
0.92575714308
0.925944988603
0.926132578728
0.92631991432
0.926506996242
0.926693825351
0.926880402498
0.927066728532
0.927252804295
0.927438630627
0.927624208362
0.927809538329
0.927994621354
0.928179458258
0.928364049857
0.928548396964
0.928732500386
0.928916360928
0.929099979388
0.929283356563
0.929466493242
0.929649390214
0.929832048261
0.930014468162
0.930196650691
0.930378596619
0.930560306713
0.930741781736
0.930923022446
0.931104029598
0.931284803943
0.931465346229
0.931645657198
0.931825737591
0.932005588142
0.932185209585
0.932364602646
0.932543768051
0.932722706521
0.932901418772
0.933079905519
0.933258167471
0.933436205336
0.933614019815
0.933791611608
0.933968981411
0.934146129917
0.934323057815
0.934499765789
0.934676254523
0.934852524695
0.93502857698
0.93520441205
0.935380030575
0.935555433219
0.935730620646
0.935905593513
0.936080352477
0.93625489819
0.936429231301
0.936603352457
0.936777262301
0.936950961473
0.937124450609
0.937297730344
0.937470801307
0.937643664128
0.93781631943
0.937988767835
0.938161009962
0.938333046427
0.938504877842
0.938676504818
0.938847927961
0.939019147875
0.939190165162
0.939360980421
0.939531594246
0.93970200723
0.939872219965
0.940042233036
0.940212047029
0.940381662524
0.940551080102
0.940720300338
0.940889323807
0.941058151079
0.941226782722
0.941395219302
0.941563461383
0.941731509525
0.941899364286
0.94206702622
0.942234495882
0.942401773821
0.942568860586
0.94273575672
0.942902462768
0.943068979269
0.943235306762
0.943401445782
0.943567396861
0.943733160531
0.943898737319
0.944064127752
0.944229332353
0.944394351643
0.944559186141
0.944723836363
0.944888302824
0.945052586035
0.945216686506
0.945380604744
0.945544341255
0.945707896541
0.945871271102
0.946034465438
0.946197480045
0.946360315416
0.946522972043
0.946685450416
0.946847751023
0.947009874349
0.947171820878
0.94733359109
0.947495185465
0.947656604479
0.947817848609
0.947978918326
0.948139814101
0.948300536404
0.948461085701
0.948621462457
0.948781667135
0.948941700196
0.949101562098
0.949261253299
0.949420774253
0.949580125414
0.949739307232
0.949898320157
0.950057164636
0.950215841114
0.950374350035
0.950532691841
0.950690866971
0.950848875864
0.951006718954
0.951164396678
0.951321909466
0.95147925775
0.951636441959
0.95179346252
0.951950319857
0.952107014394
0.952263546554
0.952419916756
0.952576125419
0.952732172958
0.95288805979
0.953043786326
0.953199352979
0.953354760158
0.953510008271
0.953665097725
0.953820028924
0.953974802271
0.954129418169
0.954283877016
0.954438179212
0.954592325152
0.954746315231
0.954900149843
0.95505382938
0.955207354232
0.955360724788
0.955513941434
0.955667004557
0.955819914539
0.955972671765
0.956125276614
0.956277729466
0.956430030699
0.95658218069
0.956734179813
0.956886028442
0.957037726948
0.957189275703
0.957340675074
0.957491925431
0.957643027139
0.957793980562
0.957944786064
0.958095444007
0.958245954751
0.958396318655
0.958546536077
0.958696607373
0.958846532898
0.958996313005
0.959145948047
0.959295438374
0.959444784336
0.95959398628
0.959743044553
0.959891959502
0.960040731469
0.960189360797
0.960337847828
0.960486192902
0.960634396358
0.960782458533
0.960930379764
0.961078160385
0.96122580073
0.961373301132
0.961520661921
0.961667883427
0.96181496598
0.961961909907
0.962108715533
0.962255383184
0.962401913184
0.962548305854
0.962694561517
0.962840680493
0.962986663099
0.963132509655
0.963278220476
0.963423795878
0.963569236176
0.963714541681
0.963859712707
0.964004749563
0.96414965256
0.964294422006
0.964439058207
0.964583561471
0.964727932103
0.964872170405
0.965016276682
0.965160251234
0.965304094363
0.965447806368
0.965591387546
0.965734838197
0.965878158615
0.966021349097
0.966164409935
0.966307341424
0.966450143855
0.966592817519
0.966735362706
0.966877779704
0.967020068803
0.967162230288
0.967304264445
0.967446171559
0.967587951913
0.967729605791
0.967871133474
0.968012535242
0.968153811376
0.968294962154
0.968435987853
0.968576888751
0.968717665123
0.968858317245
0.968998845388
0.969139249828
0.969279530835
0.96941968868
0.969559723634
0.969699635965
0.969839425942
0.969979093831
0.9701186399
0.970258064412
0.970397367633
0.970536549826
0.970675611253
0.970814552177
0.970953372857
0.971092073554
0.971230654526
0.971369116033
0.971507458329
0.971645681673
0.97178378632
0.971921772523
0.972059640536
0.972197390613
0.972335023005
0.972472537964
0.972609935738
0.972747216579
0.972884380733
0.973021428449
0.973158359974
0.973295175554
0.973431875433
0.973568459856
0.973704929066
0.973841283307
0.97397752282
0.974113647845
0.974249658624
0.974385555395
0.974521338398
0.97465700787
0.974792564047
0.974928007167
0.975063337465
0.975198555175
0.975333660531
0.975468653767
0.975603535114
0.975738304805
0.975872963069
0.976007510138
0.97614194624
0.976276271604
0.976410486457
0.976544591027
0.97667858554
0.976812470221
0.976946245295
0.977079910987
0.977213467519
0.977346915114
0.977480253995
0.977613484381
0.977746606494
0.977879620554
0.978012526779
0.978145325387
0.978278016596
0.978410600624
0.978543077686
0.978675447997
0.978807711773
0.978939869228
0.979071920575
0.979203866026
0.979335705794
0.979467440091
0.979599069126
0.97973059311
0.979862012252
0.979993326762
0.980124536846
0.980255642712
0.980386644567
0.980517542618
0.980648337069
0.980779028124
0.98090961599
0.981040100868
0.981170482961
0.981300762472
0.981430939602
0.981561014553
0.981690987523
0.981820858714
0.981950628324
0.982080296552
0.982209863594
0.982339329649
0.982468694913
0.982597959582
0.982727123851
0.982856187915
0.982985151969
0.983114016204
0.983242780816
0.983371445995
0.983500011933
0.983628478823
0.983756846853
0.983885116215
0.984013287098
0.98414135969
0.98426933418
0.984397210754
0.984524989602
0.984652670908
0.984780254859
0.98490774164
0.985035131436
0.985162424431
0.98528962081
0.985416720754
0.985543724447
0.98567063207
0.985797443806
0.985924159834
0.986050780336
0.986177305491
0.986303735479
0.986430070478
0.986556310666
0.986682456222
0.986808507322
0.986934464142
0.98706032686
0.98718609565
0.987311770688
0.987437352149
0.987562840205
0.987688235031
0.987813536799
0.987938745683
0.988063861853
0.988188885482
0.98831381674
0.988438655799
0.988563402826
0.988688057993
0.988812621468
0.98893709342
0.989061474016
0.989185763423
0.98930996181
0.989434069342
0.989558086185
0.989682012505
0.989805848466
0.989929594234
0.990053249972
0.990176815844
0.990300292013
0.990423678642
0.990546975893
0.990670183926
0.990793302905
0.990916332989
0.991039274339
0.991162127114
0.991284891474
0.991407567578
0.991530155584
0.99165265565
0.991775067934
0.991897392593
0.992019629783
0.992141779662
0.992263842383
0.992385818104
0.992507706978
0.99262950916
0.992751224804
0.992872854063
0.992994397092
0.993115854041
0.993237225064
0.993358510313
0.993479709938
0.993600824092
0.993721852923
0.993842796583
0.993963655221
0.994084428986
0.994205118028
0.994325722494
0.994446242532
0.994566678291
0.994687029918
0.994807297558
0.994927481359
0.995047581467
0.995167598027
0.995287531184
0.995407381083
0.995527147868
0.995646831684
0.995766432673
0.995885950979
0.996005386745
0.996124740114
0.996244011226
0.996363200223
0.996482307248
0.99660133244
0.99672027594
0.996839137889
0.996957918425
0.997076617688
0.997195235816
0.997313772949
0.997432229225
0.997550604781
0.997668899754
0.997787114282
0.997905248501
0.998023302548
0.998141276558
0.998259170666
0.998376985009
0.998494719721
0.998612374935
0.998729950787
0.998847447411
0.998964864938
0.999082203502
0.999199463237
0.999316644274
0.999433746745
0.999550770781
0.999667716514
0.999784584075
0.999901373595
1.0
1.0
1.0
1.0
1.0
1.0
1.0
1.0
1.0
1.0
1.0
1.0
1.0
1.0
1.0
1.0
1.0
1.0
1.0
1.0
1.0
1.0
1.0
1.0
1.0
1.0
1.0
1.0
1.0
1.0
1.0
1.0
1.0
1.0
1.0
1.0
1.0
1.0
1.0
1.0
1.0
1.0
1.0
1.0
1.0
1.0
1.0
1.0
1.0
1.0
1.0
1.0
1.0
1.0
1.0
1.0
1.0
1.0
1.0
1.0
1.0
1.0
1.0
1.0
1.0
1.0
1.0
1.0
1.0
1.0
1.0
1.0
1.0
1.0
1.0
1.0
1.0
1.0
1.0
1.0
1.0
1.0
1.0
1.0
1.0
1.0
1.0
1.0
1.0
1.0
1.0
1.0
1.0
1.0
1.0
1.0
1.0
1.0
1.0
1.0
1.0
1.0
1.0
1.0
1.0
1.0
1.0
1.0
1.0
1.0
1.0
1.0
1.0
1.0
1.0
1.0
1.0
1.0
1.0
1.0
1.0
1.0
1.0
1.0
1.0
1.0
1.0
1.0
1.0
1.0
1.0
1.0
1.0
1.0
1.0
1.0
1.0
1.0
1.0
1.0
1.0
1.0
1.0
1.0
1.0
1.0
1.0
1.0
1.0
1.0
1.0
1.0
1.0
1.0
1.0
1.0
1.0
1.0
1.0
1.0
1.0
1.0
1.0
1.0
1.0
1.0
1.0
1.0
1.0
1.0
1.0
1.0
1.0
1.0
1.0
1.0
1.0
1.0
1.0
1.0
1.0
1.0
1.0
1.0
1.0
1.0
1.0
1.0
1.0
1.0
1.0
1.0
1.0
1.0
1.0
1.0
1.0
1.0
1.0
1.0
1.0
1.0
1.0
1.0
1.0
1.0
1.0
1.0
1.0
1.0
1.0
1.0
1.0
1.0
1.0
1.0
1.0
1.0
1.0
1.0
1.0
1.0
1.0
1.0
1.0
1.0
1.0
1.0
1.0
1.0
1.0
1.0
1.0
1.0
1.0
1.0
1.0
1.0
1.0
1.0
1.0
1.0
1.0
1.0
1.0
1.0
1.0
1.0
1.0
1.0
1.0
1.0
1.0
1.0
1.0
1.0
1.0
1.0
1.0
1.0
1.0
1.0
1.0
1.0
1.0
1.0
1.0
1.0
1.0
1.0
1.0
1.0
1.0
1.0
1.0
1.0
1.0
1.0
1.0
1.0
1.0
1.0
1.0
1.0
1.0
1.0
1.0
1.0
1.0
1.0
1.0
1.0
1.0
1.0
1.0
1.0
1.0
1.0
1.0
1.0
1.0
1.0
1.0
1.0
1.0
1.0
1.0
1.0
1.0
1.0
1.0
1.0
1.0
1.0
1.0
1.0
1.0
1.0
1.0
1.0
1.0
1.0
1.0
1.0
1.0
1.0
1.0
1.0
1.0
1.0
1.0
1.0
1.0
1.0
1.0
1.0
1.0
1.0
1.0
1.0
1.0
1.0
1.0
1.0
1.0
1.0
1.0
1.0
1.0
1.0
1.0
1.0
1.0
1.0
1.0
1.0
1.0
1.0
1.0
1.0
1.0
1.0
1.0
1.0
1.0
1.0
1.0
1.0
1.0
1.0
1.0
1.0
1.0
1.0
1.0
1.0
1.0
1.0
1.0
1.0
1.0
1.0
1.0
1.0
1.0
1.0
1.0
1.0
1.0
1.0
1.0
1.0
1.0
1.0
1.0
1.0
1.0
1.0
1.0
1.0
1.0
1.0
1.0
1.0
1.0
1.0
1.0
1.0
1.0
1.0
1.0
1.0
1.0
1.0
1.0
1.0
1.0
1.0
1.0
1.0
1.0
1.0
1.0
1.0
1.0
1.0
1.0
1.0
1.0
1.0
1.0
1.0
1.0
1.0
1.0
1.0
1.0
1.0
1.0
1.0
1.0
1.0
1.0
1.0
1.0
1.0
1.0
1.0
1.0
1.0
1.0
1.0
1.0
1.0
1.0
1.0
1.0
1.0
1.0
1.0
1.0
1.0
1.0
1.0
1.0
1.0
1.0
1.0
1.0
1.0
1.0
1.0
1.0
1.0
1.0
1.0
1.0
1.0
1.0
1.0
1.0
1.0
1.0
1.0
1.0
1.0
1.0
1.0
1.0
1.0
1.0
1.0
1.0
1.0
1.0
1.0
1.0
1.0
1.0
1.0
1.0
1.0
1.0
1.0
1.0
1.0
1.0
1.0
1.0
1.0
1.0
1.0
1.0
1.0
1.0
1.0
1.0
1.0
1.0
1.0
1.0
1.0
1.0
1.0
1.0
1.0
1.0
1.0
1.0
1.0
1.0
1.0
1.0
1.0
1.0
1.0
1.0
1.0
1.0
1.0
1.0
1.0
1.0
1.0
1.0
1.0
1.0
1.0
1.0
1.0
1.0
1.0
1.0
1.0
1.0
1.0
1.0
1.0
1.0
1.0
1.0
1.0
1.0
1.0
1.0
1.0
1.0
1.0
1.0
1.0
1.0
1.0
1.0
1.0
1.0
1.0
1.0
1.0
1.0
1.0
1.0
1.0
1.0
1.0
1.0
1.0
1.0
1.0
1.0
1.0
1.0
1.0
1.0
1.0
1.0
1.0
1.0
1.0
1.0
1.0
1.0
1.0
1.0
1.0
1.0
1.0
1.0
1.0
1.0
1.0
1.0
1.0
1.0
1.0
1.0
1.0
1.0
1.0
1.0
1.0
1.0
1.0
1.0
1.0
1.0
1.0
1.0
1.0
1.0
1.0
1.0
1.0
1.0
1.0
1.0
1.0
1.0
1.0
1.0
1.0
1.0
1.0
1.0
1.0
1.0
1.0
1.0
1.0
1.0
1.0
1.0
1.0
1.0
1.0
1.0
1.0
1.0
1.0
1.0
1.0
1.0
1.0
1.0
1.0
1.0
1.0
1.0
1.0
1.0
1.0
1.0
1.0
1.0
1.0
1.0
1.0
1.0
1.0
1.0
1.0
1.0
1.0
1.0
1.0
1.0
1.0
1.0
1.0
1.0
1.0
1.0
1.0
1.0
1.0
1.0
1.0
1.0
1.0
1.0
1.0
1.0
1.0
1.0
1.0
1.0
1.0
1.0
1.0
1.0
1.0
1.0
1.0
1.0
1.0
1.0
1.0
1.0
1.0
1.0
1.0
1.0
1.0
1.0
1.0
1.0
1.0
1.0
1.0
1.0
1.0
1.0
1.0
1.0
1.0
1.0
1.0
1.0
1.0
1.0
1.0
1.0
1.0
1.0
1.0
1.0
1.0
1.0
1.0
1.0
1.0
1.0
1.0
1.0
1.0
1.0
1.0
1.0
1.0
1.0
1.0
1.0
1.0
1.0
1.0
1.0
1.0
1.0
1.0
1.0
1.0
1.0
1.0
1.0
1.0
1.0
1.0
1.0
1.0
1.0
1.0
1.0
1.0
1.0
1.0
1.0
1.0
1.0
1.0
1.0
1.0
1.0
1.0
1.0
1.0
1.0
1.0
1.0
1.0
1.0
1.0
1.0
1.0
1.0
1.0
1.0
1.0
1.0
1.0
1.0
1.0
1.0
1.0
1.0
1.0
1.0
1.0
1.0
1.0
1.0
1.0
1.0
1.0
1.0
1.0
1.0
1.0
1.0
1.0
1.0
1.0
1.0
1.0
1.0
1.0
1.0
1.0
1.0
1.0
1.0
1.0
1.0
1.0
1.0
1.0
1.0
1.0
1.0
1.0
1.0
1.0
1.0
1.0
1.0
1.0
1.0
1.0
1.0
1.0
1.0
1.0
1.0
1.0
1.0
1.0
1.0
1.0
1.0
1.0
1.0
1.0
1.0
1.0
1.0
1.0
1.0
1.0
1.0
1.0
1.0
1.0
1.0
1.0
1.0
1.0
1.0
1.0
1.0
1.0
1.0
1.0
1.0
1.0
1.0
1.0
1.0
1.0
1.0
1.0
1.0
1.0
1.0
1.0
1.0
1.0
1.0
1.0
1.0
1.0
1.0
1.0
1.0
1.0
1.0
1.0
1.0
1.0
1.0
1.0
1.0
1.0
1.0
1.0
1.0
1.0
1.0
1.0
1.0
1.0
1.0
1.0
1.0
1.0
1.0
1.0
1.0
1.0
1.0
1.0
1.0
1.0
1.0
1.0
1.0
1.0
1.0
1.0
1.0
1.0
1.0
1.0
1.0
1.0
1.0
1.0
1.0
1.0
1.0
1.0
1.0
1.0
1.0
1.0
1.0
1.0
1.0
1.0
1.0
1.0
1.0
1.0
1.0
1.0
1.0
1.0
1.0
1.0
1.0
1.0
1.0
1.0
1.0
1.0
1.0
1.0
1.0
1.0
1.0
1.0
1.0
1.0
1.0
1.0
1.0
1.0
1.0
1.0
1.0
1.0
1.0
1.0
1.0
1.0
1.0
1.0
1.0
1.0
1.0
1.0
1.0
1.0
1.0
1.0
1.0
1.0
1.0
1.0
1.0
1.0
1.0
1.0
1.0
1.0
1.0
1.0
1.0
1.0
1.0
1.0
1.0
1.0
1.0
1.0
1.0
1.0
1.0
1.0
1.0
1.0
1.0
1.0
1.0
1.0
1.0
1.0
1.0
1.0
1.0
1.0
1.0
1.0
1.0
1.0
1.0
1.0
1.0
1.0
1.0
1.0
1.0
1.0
1.0
1.0
1.0
1.0
1.0
1.0
1.0
1.0
1.0
1.0
1.0
1.0
1.0
1.0
1.0
1.0
1.0
1.0
1.0
1.0
1.0
1.0
1.0
1.0
1.0
1.0
1.0
1.0
1.0
1.0
1.0
1.0
1.0
1.0
1.0
1.0
1.0
1.0
1.0
1.0
1.0
1.0
1.0
1.0
1.0
1.0
1.0
1.0
1.0
1.0
1.0
1.0
1.0
1.0
1.0
1.0
1.0
1.0
1.0
1.0
1.0
1.0
1.0
1.0
1.0
1.0
1.0
1.0
1.0
1.0
1.0
1.0
1.0
1.0
1.0
1.0
1.0
1.0
1.0
1.0
1.0
1.0
1.0
1.0
1.0
1.0
1.0
1.0
1.0
1.0
1.0
1.0
1.0
1.0
1.0
1.0
1.0
1.0
1.0
1.0
1.0
1.0
1.0
1.0
1.0
1.0
1.0
1.0
1.0
1.0
1.0
1.0
1.0
1.0
1.0
1.0
1.0
1.0
1.0
1.0
1.0
1.0
1.0
1.0
1.0
1.0
1.0
1.0
1.0
1.0
1.0
1.0
1.0
1.0
1.0
1.0
1.0
1.0
1.0
1.0
1.0
1.0
1.0
1.0
1.0
1.0
1.0
1.0
1.0
1.0
1.0
1.0
1.0
1.0
1.0
1.0
1.0
1.0
1.0
1.0
1.0
1.0
1.0
1.0
1.0
1.0
1.0
1.0
1.0
1.0
1.0
1.0
1.0
1.0
1.0
1.0
1.0
1.0
1.0
1.0
1.0
1.0
1.0
1.0
1.0
1.0
1.0
1.0
1.0
1.0
1.0
1.0
1.0
1.0
1.0
1.0
1.0
1.0
1.0
1.0
1.0
1.0
1.0
1.0
1.0
1.0
1.0
1.0
1.0
1.0
1.0
1.0
1.0
1.0
1.0
1.0
1.0
1.0
1.0
1.0
1.0
1.0
1.0
1.0
1.0
1.0
1.0
1.0
1.0
1.0
1.0
1.0
1.0
1.0
1.0
1.0
1.0
1.0
1.0
1.0
1.0
1.0
1.0
1.0
1.0
1.0
1.0
1.0
1.0
1.0
1.0
1.0
1.0
1.0
1.0
1.0
1.0
1.0
1.0
1.0
1.0
1.0
1.0
1.0
1.0
1.0
1.0
1.0
1.0
1.0
1.0
1.0
1.0
1.0
1.0
1.0
1.0
1.0
1.0
1.0
1.0
1.0
1.0
1.0
1.0
1.0
1.0
1.0
1.0
1.0
1.0
1.0
1.0
1.0
1.0
1.0
1.0
1.0
1.0
1.0
1.0
1.0
1.0
1.0
1.0
1.0
1.0
1.0
1.0
1.0
1.0
1.0
1.0
1.0
1.0
1.0
1.0
1.0
1.0
1.0
1.0
1.0
1.0
1.0
1.0
1.0
1.0
1.0
1.0
1.0
1.0
1.0
1.0
1.0
1.0
1.0
1.0
1.0
1.0
1.0
1.0
1.0
1.0
1.0
1.0
1.0
1.0
1.0
1.0
1.0
1.0
1.0
1.0
1.0
1.0
1.0
1.0
1.0
1.0
1.0
1.0
1.0
1.0
1.0
1.0
1.0
1.0
1.0
1.0
1.0
1.0
1.0
1.0
1.0
1.0
1.0
1.0
1.0
1.0
1.0
1.0
1.0
1.0
1.0
1.0
1.0
1.0
1.0
1.0
1.0
1.0
1.0
1.0
1.0
1.0
1.0
1.0
1.0
1.0
1.0
1.0
1.0
1.0
1.0
1.0
1.0
1.0
1.0
1.0
1.0
1.0
1.0
1.0
1.0
1.0
1.0
1.0
1.0
1.0
1.0
1.0
1.0
1.0
1.0
1.0
1.0
1.0
1.0
1.0
1.0
1.0
1.0
1.0
1.0
1.0
1.0
1.0
1.0
1.0
1.0
1.0
1.0
1.0
1.0
1.0
1.0
1.0
1.0
1.0
1.0
1.0
1.0
1.0
1.0
1.0
1.0
1.0
1.0
1.0
1.0
1.0
1.0
1.0
1.0
1.0
1.0
1.0
1.0
1.0
1.0
1.0
1.0
1.0
1.0
1.0
1.0
1.0
1.0
1.0
1.0
1.0
1.0
1.0
1.0
1.0
1.0
1.0
1.0
1.0
1.0
1.0
1.0
1.0
1.0
1.0
1.0
1.0
1.0
1.0
1.0
1.0
1.0
1.0
1.0
1.0
1.0
1.0
1.0
1.0
1.0
1.0
1.0
1.0
1.0
1.0
1.0
1.0
1.0
1.0
1.0
1.0
1.0
1.0
1.0
1.0
1.0
1.0
1.0
1.0
1.0
1.0
1.0
1.0
1.0
1.0
1.0
1.0
1.0
1.0
1.0
1.0
1.0
1.0
1.0
1.0
1.0
1.0
1.0
1.0
1.0
1.0
1.0
1.0
1.0
1.0
1.0
1.0
1.0
1.0
1.0
1.0
1.0
1.0
1.0
1.0
1.0
1.0
1.0
1.0
1.0
1.0
1.0
1.0
1.0
1.0
1.0
1.0
1.0
1.0
1.0
1.0
1.0
1.0
1.0
1.0
1.0
1.0
1.0
1.0
1.0
1.0
1.0
1.0
1.0
1.0
1.0
1.0
1.0
1.0
1.0
1.0
1.0
1.0
1.0
1.0
1.0
1.0
1.0
1.0
1.0
1.0
1.0
1.0
1.0
1.0
1.0
1.0
1.0
1.0
1.0
1.0
1.0
1.0
1.0
1.0
1.0
1.0
1.0
1.0
1.0
1.0
1.0
1.0
1.0
1.0
1.0
1.0
1.0
1.0
1.0
1.0
1.0
1.0
1.0
1.0
1.0
1.0
1.0
1.0
1.0
1.0
1.0
1.0
1.0
1.0
1.0
1.0
1.0
1.0
1.0
1.0
1.0
1.0
1.0
1.0
1.0
1.0
1.0
1.0
1.0
1.0
1.0
1.0
1.0
1.0
1.0
1.0
1.0
1.0
1.0
1.0
1.0
1.0
1.0
1.0
1.0
1.0
1.0
1.0
1.0
1.0
1.0
1.0
1.0
1.0
1.0
1.0
1.0
1.0
1.0
1.0
1.0
1.0
1.0
1.0
1.0
1.0
1.0
1.0
1.0
1.0
1.0
1.0
1.0
1.0
1.0
1.0
1.0
1.0
1.0
1.0
1.0
1.0
1.0
1.0
1.0
1.0
1.0
1.0
1.0
1.0
1.0
1.0
1.0
1.0
1.0
1.0
1.0
1.0
1.0
1.0
1.0
1.0
1.0
1.0
1.0
1.0
1.0
1.0
1.0
1.0
1.0
1.0
1.0
1.0
1.0
1.0
1.0
1.0
1.0
1.0
1.0
1.0
1.0
1.0
1.0
1.0
1.0
1.0
1.0
1.0
1.0
1.0
1.0
1.0
1.0
1.0
1.0
1.0
1.0
1.0
1.0
1.0
1.0
1.0
1.0
1.0
1.0
1.0
1.0
1.0
1.0
1.0
1.0
1.0
1.0
1.0
1.0
1.0
1.0
1.0
1.0
1.0
1.0
1.0
1.0
1.0
1.0
1.0
1.0
1.0
1.0
1.0
1.0
1.0
1.0
1.0
1.0
1.0
1.0
1.0
1.0
1.0
1.0
1.0
1.0
1.0
1.0
1.0
1.0
1.0
1.0
1.0
1.0
1.0
1.0
1.0
1.0
1.0
1.0
1.0
1.0
1.0
1.0
1.0
1.0
1.0
1.0
1.0
1.0
1.0
1.0
1.0
1.0
1.0
1.0
1.0
1.0
1.0
1.0
1.0
1.0
1.0
1.0
1.0
1.0
1.0
1.0
1.0
1.0
1.0
1.0
1.0
1.0
1.0
1.0
1.0
1.0
1.0
1.0
1.0
1.0
1.0
1.0
1.0
1.0
1.0
1.0
1.0
1.0
1.0
1.0
1.0
1.0
1.0
1.0
1.0
1.0
1.0
1.0
1.0
1.0
1.0
1.0
1.0
1.0
1.0
1.0
1.0
1.0
1.0
1.0
1.0
1.0
1.0
1.0
1.0
1.0
1.0
1.0
1.0
1.0
1.0
1.0
1.0
1.0
1.0
1.0
1.0
1.0
1.0
1.0
1.0
1.0
1.0
1.0
1.0
1.0
1.0
1.0
1.0
1.0
1.0
1.0
1.0
1.0
1.0
1.0
1.0
1.0
1.0
1.0
1.0
1.0
1.0
1.0
1.0
1.0
1.0
1.0
1.0
1.0
1.0
1.0
1.0
1.0
1.0
1.0
1.0
1.0
1.0
1.0
1.0
1.0
1.0
1.0
1.0
1.0
1.0
1.0
1.0
1.0
1.0
1.0
1.0
1.0
1.0
1.0
1.0
1.0
1.0
1.0
1.0
1.0
1.0
1.0
1.0
1.0
1.0
1.0
1.0
1.0
1.0
1.0
1.0
1.0
1.0
1.0
1.0
1.0
1.0
1.0
1.0
1.0
1.0
1.0
1.0
1.0
1.0
1.0
1.0
1.0
1.0
1.0
1.0
1.0
1.0
1.0
1.0
1.0
1.0
1.0
1.0
1.0
1.0
1.0
1.0
1.0
1.0
1.0
1.0
1.0
1.0
1.0
1.0
1.0
1.0
1.0
1.0
1.0
1.0
1.0
1.0
1.0
1.0
1.0
1.0
1.0
1.0
1.0
1.0
1.0
1.0
1.0
1.0
1.0
1.0
1.0
1.0
1.0
1.0
1.0
1.0
1.0
1.0
1.0
1.0
1.0
1.0
1.0
1.0
1.0
1.0
1.0
1.0
1.0
1.0
1.0
1.0
1.0
1.0
1.0
1.0
1.0
1.0
1.0
1.0
1.0
1.0
1.0
1.0
1.0
1.0
1.0
1.0
1.0
1.0
1.0
1.0
1.0
1.0
1.0
1.0
1.0
1.0
1.0
1.0
1.0
1.0
1.0
1.0
1.0
1.0
1.0
1.0
1.0
1.0
1.0
1.0
1.0
1.0
1.0
1.0
1.0
1.0
1.0
1.0
1.0
1.0
1.0
1.0
1.0
1.0
1.0
1.0
1.0
1.0
1.0
1.0
1.0
1.0
1.0
1.0
1.0
1.0
1.0
1.0
1.0
1.0
1.0
1.0
1.0
1.0
1.0
1.0
1.0
1.0
1.0
1.0
1.0
1.0
1.0
1.0
1.0
1.0
1.0
1.0
1.0
1.0
1.0
1.0
1.0
1.0
1.0
1.0
1.0
1.0
1.0
1.0
1.0
1.0
1.0
1.0
1.0
1.0
1.0
1.0
1.0
1.0
1.0
1.0
1.0
1.0
1.0
1.0
1.0
1.0
1.0
1.0
1.0
1.0
1.0
1.0
1.0
1.0
1.0
1.0
1.0
1.0
1.0
1.0
1.0
1.0
1.0
1.0
1.0
1.0
1.0
1.0
1.0
1.0
1.0
1.0
1.0
1.0
1.0
1.0
1.0
1.0
1.0
1.0
1.0
1.0
1.0
1.0
1.0
1.0
1.0
1.0
1.0
1.0
1.0
1.0
1.0
1.0
1.0
1.0
1.0
1.0
1.0
1.0
1.0
1.0
1.0
1.0
1.0
1.0
1.0
1.0
1.0
1.0
1.0
1.0
1.0
1.0
1.0
1.0
1.0
1.0
1.0
1.0
1.0
1.0
1.0
1.0
1.0
1.0
1.0
1.0
1.0
1.0
1.0
1.0
1.0
1.0
1.0
1.0
1.0
1.0
1.0
1.0
1.0
1.0
1.0
1.0
1.0
1.0
1.0
1.0
1.0
1.0
1.0
1.0
1.0
1.0
1.0
1.0
1.0
1.0
1.0
1.0
1.0
1.0
1.0
1.0
1.0
1.0
1.0
1.0
1.0
1.0
1.0
1.0
1.0
1.0
1.0
1.0
1.0
1.0
1.0
1.0
1.0
1.0
1.0
1.0
1.0
1.0
1.0
1.0
1.0
1.0
1.0
1.0
1.0
1.0
1.0
1.0
1.0
1.0
1.0
1.0
1.0
1.0
1.0
1.0
1.0
1.0
1.0
1.0
1.0
1.0
1.0
1.0
1.0
1.0
1.0
1.0
1.0
1.0
1.0
1.0
1.0
1.0
1.0
1.0
1.0
1.0
1.0
1.0
1.0
1.0
1.0
1.0
1.0
1.0
1.0
1.0
1.0
1.0
1.0
1.0
1.0
1.0
1.0
1.0
1.0
1.0
1.0
1.0
1.0
1.0
1.0
1.0
1.0
1.0
1.0
1.0
1.0
1.0
1.0
1.0
1.0
1.0
1.0
1.0
1.0
1.0
1.0
1.0
1.0
1.0
1.0
1.0
1.0
1.0
1.0
1.0
1.0
1.0
1.0
1.0
1.0
1.0
1.0
1.0
1.0
1.0
1.0
1.0
1.0
1.0
1.0
1.0
1.0
1.0
1.0
1.0
1.0
1.0
1.0
1.0
1.0
1.0
1.0
1.0
1.0
1.0
1.0
1.0
1.0
1.0
1.0
1.0
1.0
1.0
1.0
1.0
1.0
1.0
1.0
1.0
1.0
1.0
1.0
1.0
1.0
1.0
1.0
1.0
1.0
1.0
1.0
1.0
1.0
1.0
1.0
1.0
1.0
1.0
1.0
1.0
1.0
1.0
1.0
1.0
1.0
1.0
1.0
1.0
1.0
1.0
1.0
1.0
1.0
1.0
1.0
1.0
1.0
1.0
1.0
1.0
1.0
1.0
1.0
1.0
1.0
1.0
1.0
1.0
1.0
1.0
1.0
1.0
1.0
1.0
1.0
1.0
1.0
1.0
1.0
1.0
1.0
1.0
1.0
1.0
1.0
1.0
1.0
1.0
1.0
1.0
1.0
1.0
1.0
1.0
1.0
1.0
1.0
1.0
1.0
1.0
1.0
1.0
1.0
1.0
1.0
1.0
1.0
1.0
1.0
1.0
1.0
1.0
1.0
1.0
1.0
1.0
1.0
1.0
1.0
1.0
1.0
1.0
1.0
1.0
1.0
1.0
1.0
1.0
1.0
1.0
1.0
1.0
1.0
1.0
1.0
1.0
1.0
1.0
1.0
1.0
1.0
1.0
1.0
1.0
1.0
1.0
1.0
1.0
1.0
1.0
1.0
1.0
1.0
1.0
1.0
1.0
1.0
1.0
1.0
1.0
1.0
1.0
1.0
1.0
1.0
1.0
1.0
1.0
1.0
1.0
1.0
1.0
1.0
1.0
1.0
1.0
1.0
1.0
1.0
1.0
1.0
1.0
1.0
1.0
1.0
1.0
1.0
1.0
1.0
1.0
1.0
1.0
1.0
1.0
1.0
1.0
1.0
1.0
1.0
1.0
1.0
1.0
1.0
1.0
1.0
1.0
1.0
1.0
1.0
1.0
1.0
1.0
1.0
1.0
1.0
1.0
1.0
1.0
1.0
1.0
1.0
1.0
1.0
1.0
1.0
1.0
1.0
1.0
1.0
1.0
1.0
1.0
1.0
1.0
1.0
1.0
1.0
1.0
1.0
1.0
1.0
1.0
1.0
1.0
1.0
1.0
1.0
1.0
1.0
1.0
1.0
1.0
1.0
1.0
1.0
1.0
1.0
1.0
1.0
1.0
1.0
1.0
1.0
1.0
1.0
1.0
1.0
1.0
1.0
1.0
1.0
1.0
1.0
1.0
1.0
1.0
1.0
1.0
1.0
1.0
1.0
1.0
1.0
1.0
1.0
1.0
1.0
1.0
1.0
1.0
1.0
1.0
1.0
1.0
1.0
1.0
1.0
1.0
1.0
1.0
1.0
1.0
1.0
1.0
1.0
1.0
1.0
1.0
1.0
1.0
1.0
1.0
1.0
1.0
1.0
1.0
1.0
1.0
1.0
1.0
1.0
1.0
1.0
1.0
1.0
1.0
1.0
1.0
1.0
1.0
1.0
1.0
1.0
1.0
1.0
1.0
1.0
1.0
1.0
1.0
1.0
1.0
1.0
1.0
1.0
1.0
1.0
1.0
1.0
1.0
1.0
1.0
1.0
1.0
1.0
1.0
1.0
1.0
1.0
1.0
1.0
1.0
1.0
1.0
1.0
1.0
1.0
1.0
1.0
1.0
1.0
1.0
1.0
1.0
1.0
1.0
1.0
1.0
1.0
1.0
1.0
1.0
1.0
1.0
1.0
1.0
1.0
1.0
1.0
1.0
1.0
1.0
1.0
1.0
1.0
1.0
1.0
1.0
1.0
1.0
1.0
1.0
1.0
1.0
1.0
1.0
1.0
1.0
1.0
1.0
1.0
1.0
1.0
1.0
1.0
1.0
1.0
1.0
1.0
1.0
1.0
1.0
1.0
1.0
1.0
1.0
1.0
1.0
1.0
1.0
1.0
1.0
1.0
1.0
1.0
1.0
1.0
1.0
1.0
1.0
1.0
1.0
1.0
1.0
1.0
1.0
1.0
1.0
1.0
1.0
1.0
1.0
1.0
1.0
1.0
1.0
1.0
1.0
1.0
1.0
1.0
1.0
1.0
1.0
1.0
1.0
1.0
1.0
1.0
1.0
1.0
1.0
1.0
1.0
1.0
1.0
1.0
1.0
1.0
1.0
1.0
1.0
1.0
1.0
1.0
1.0
1.0
1.0
1.0
1.0
1.0
1.0
1.0
1.0
1.0
1.0
1.0
1.0
1.0
1.0
1.0
1.0
1.0
1.0
1.0
1.0
1.0
1.0
1.0
1.0
1.0
1.0
1.0
1.0
1.0
1.0
1.0
1.0
1.0
1.0
1.0
1.0
1.0
1.0
1.0
1.0
1.0
1.0
1.0
1.0
1.0
1.0
1.0
1.0
1.0
1.0
1.0
1.0
1.0
1.0
1.0
1.0
1.0
1.0
1.0
1.0
1.0
1.0
1.0
1.0
1.0
1.0
1.0
1.0
1.0
1.0
1.0
1.0
1.0
1.0
1.0
1.0
1.0
1.0
1.0
1.0
1.0
1.0
1.0
1.0
1.0
1.0
1.0
1.0
1.0
1.0
1.0
1.0
1.0
1.0
1.0
1.0
1.0
1.0
1.0
1.0
1.0
1.0
1.0
1.0
1.0
1.0
1.0
1.0
1.0
1.0
1.0
1.0
1.0
1.0
1.0
1.0
1.0
1.0
1.0
1.0
1.0
1.0
1.0
1.0
1.0
1.0
1.0
1.0
1.0
1.0
1.0
1.0
1.0
1.0
1.0
1.0
1.0
1.0
1.0
1.0
1.0
1.0
1.0
1.0
1.0
1.0
1.0
1.0
1.0
1.0
1.0
1.0
1.0
1.0
1.0
1.0
1.0
1.0
1.0
1.0
1.0
1.0
1.0
1.0
1.0
1.0
1.0
1.0
1.0
1.0
1.0
1.0
1.0
1.0
1.0
1.0
1.0
1.0
1.0
1.0
1.0
1.0
1.0
1.0
1.0
1.0
1.0
1.0
1.0
1.0
1.0
1.0
1.0
1.0
1.0
1.0
1.0
1.0
1.0
1.0
1.0
1.0
1.0
1.0
1.0
1.0
1.0
1.0
1.0
1.0
1.0
1.0
1.0
1.0
1.0
1.0
1.0
1.0
1.0
1.0
1.0
1.0
1.0
1.0
1.0
1.0
1.0
1.0
1.0
1.0
1.0
1.0
1.0
1.0
1.0
1.0
1.0
1.0
1.0
1.0
1.0
1.0
1.0
1.0
1.0
1.0
1.0
1.0
1.0
1.0
1.0
1.0
1.0
1.0
1.0
1.0
1.0
1.0
1.0
1.0
1.0
1.0
1.0
1.0
1.0
1.0
1.0
1.0
1.0
1.0
1.0
1.0
1.0
1.0
1.0
1.0
1.0
1.0
1.0
1.0
1.0
1.0
1.0
1.0
1.0
1.0
1.0
1.0
1.0
1.0
1.0
1.0
1.0
1.0
1.0
1.0
1.0
1.0
1.0
1.0
1.0
1.0
1.0
1.0
1.0
1.0
1.0
1.0
1.0
1.0
1.0
1.0
1.0
1.0
1.0
1.0
1.0
1.0
1.0
1.0
1.0
1.0
1.0
1.0
1.0
1.0
1.0
1.0
1.0
1.0
1.0
1.0
1.0
1.0
1.0
1.0
1.0
1.0
1.0
1.0
1.0
1.0
1.0
1.0
1.0
1.0
1.0
1.0
1.0
1.0
1.0
1.0
1.0
1.0
1.0
1.0
1.0
1.0
1.0
1.0
1.0
1.0
1.0
1.0
1.0
1.0
1.0
1.0
1.0
1.0
1.0
1.0
1.0
1.0
1.0
1.0
1.0
1.0
1.0
1.0
1.0
1.0
1.0
1.0
1.0
1.0
1.0
1.0
1.0
1.0
1.0
1.0
1.0
1.0
1.0
1.0
1.0
1.0
1.0
1.0
1.0
1.0
1.0
1.0
1.0
1.0
1.0
1.0
1.0
1.0
1.0
1.0
1.0
1.0
1.0
1.0
1.0
1.0
1.0
1.0
1.0
1.0
1.0
1.0
1.0
1.0
1.0
1.0
1.0
1.0
1.0
1.0
1.0
1.0
1.0
1.0
1.0
1.0
1.0
1.0
1.0
1.0
1.0
1.0
1.0
1.0
1.0
1.0
1.0
1.0
1.0
1.0
1.0
1.0
1.0
1.0
1.0
1.0
1.0
1.0
1.0
1.0
1.0
1.0
1.0
1.0
1.0
1.0
1.0
1.0
1.0
1.0
1.0
1.0
1.0
1.0
1.0
1.0
1.0
1.0
1.0
1.0
1.0
1.0
1.0
1.0
1.0
1.0
1.0
1.0
1.0
1.0
1.0
1.0
1.0
1.0
1.0
1.0
1.0
1.0
1.0
1.0
1.0
1.0
1.0
1.0
1.0
1.0
1.0
1.0
1.0
1.0
1.0
1.0
1.0
1.0
1.0
1.0
1.0
1.0
1.0
1.0
1.0
1.0
1.0
1.0
1.0
1.0
1.0
1.0
1.0
1.0
1.0
1.0
1.0
1.0
1.0
1.0
1.0
1.0
1.0
1.0
1.0
1.0
1.0
1.0
1.0
1.0
1.0
1.0
1.0
1.0
1.0
1.0
1.0
1.0
1.0
1.0
1.0
1.0
1.0
1.0
1.0
1.0
1.0
1.0
1.0
1.0
1.0
1.0
1.0
1.0
1.0
1.0
1.0
1.0
1.0
1.0
1.0
1.0
1.0
1.0
1.0
1.0
1.0
1.0
1.0
1.0
1.0
1.0
1.0
1.0
1.0
1.0
1.0
1.0
1.0
1.0
1.0
1.0
1.0
1.0
1.0
1.0
1.0
1.0
1.0
1.0
1.0
1.0
1.0
1.0
1.0
1.0
1.0
1.0
1.0
1.0
1.0
1.0
1.0
1.0
1.0
1.0
1.0
1.0
1.0
1.0
1.0
1.0
1.0
1.0
1.0
1.0
1.0
1.0
1.0
1.0
1.0
1.0
1.0
1.0
1.0
1.0
1.0
1.0
1.0
1.0
1.0
1.0
1.0
1.0
1.0
1.0
1.0
1.0
1.0
1.0
1.0
1.0
1.0
1.0
1.0
1.0
1.0
1.0
1.0
1.0
1.0
1.0
1.0
1.0
1.0
1.0
1.0
1.0
1.0
1.0
1.0
1.0
1.0
1.0
1.0
1.0
1.0
1.0
1.0
1.0
1.0
1.0
1.0
1.0
1.0
1.0
1.0
1.0
1.0
1.0
1.0
1.0
1.0
1.0
1.0
1.0
1.0
1.0
1.0
1.0
1.0
1.0
1.0
1.0
1.0
1.0
1.0
1.0
1.0
1.0
1.0
1.0
1.0
1.0
1.0
1.0
1.0
1.0
1.0
1.0
1.0
1.0
1.0
1.0
1.0
1.0
1.0
1.0
1.0
1.0
1.0
1.0
1.0
1.0
1.0
1.0
1.0
1.0
1.0
1.0
1.0
1.0
1.0
1.0
1.0
1.0
1.0
1.0
1.0
1.0
1.0
1.0
1.0
1.0
1.0
1.0
1.0
1.0
1.0
1.0
1.0
1.0
1.0
1.0
1.0
1.0
1.0
1.0
1.0
1.0
1.0
1.0
1.0
1.0
1.0
1.0
1.0
1.0
1.0
1.0
1.0
1.0
1.0
1.0
1.0
1.0
1.0
1.0
1.0
1.0
1.0
1.0
1.0
1.0
1.0
1.0
1.0
1.0
1.0
1.0
1.0
1.0
1.0
1.0
1.0
1.0
1.0
1.0
1.0
1.0
1.0
1.0
1.0
1.0
1.0
1.0
1.0
1.0
1.0
1.0
1.0
1.0
1.0
1.0
1.0
1.0
1.0
1.0
1.0
1.0
1.0
1.0
1.0
1.0
1.0
1.0
1.0
1.0
1.0
1.0
1.0
1.0
1.0
1.0
1.0
1.0
1.0
1.0
1.0
1.0
1.0
1.0
1.0
1.0
1.0
1.0
1.0
1.0
1.0
1.0
1.0
1.0
1.0
1.0
1.0
1.0
1.0
1.0
1.0
1.0
1.0
1.0
1.0
1.0
1.0
1.0
1.0
1.0
1.0
1.0
1.0
1.0
1.0
1.0
1.0
1.0
1.0
1.0
1.0
1.0
1.0
1.0
1.0
1.0
1.0
1.0
1.0
1.0
1.0
1.0
1.0
1.0
1.0
1.0
1.0
1.0
1.0
1.0
1.0
1.0
1.0
1.0
1.0
1.0
1.0
1.0
1.0
1.0
1.0
1.0
1.0
1.0
1.0
1.0
1.0
1.0
1.0
1.0
1.0
1.0
1.0
1.0
1.0
1.0
1.0
1.0
1.0
1.0
1.0
1.0
1.0
1.0
1.0
1.0
1.0
1.0
1.0
1.0
1.0
1.0
1.0
1.0
1.0
1.0
1.0
1.0
1.0
1.0
1.0
1.0
1.0
1.0
1.0
1.0
1.0
1.0
1.0
1.0
1.0
1.0
1.0
1.0
1.0
1.0
1.0
1.0
1.0
1.0
1.0
1.0
1.0
1.0
1.0
1.0
1.0
1.0
1.0
1.0
1.0
1.0
1.0
1.0
1.0
1.0
1.0
1.0
1.0
1.0
1.0
1.0
1.0
1.0
1.0
1.0
1.0
1.0
1.0
1.0
1.0
1.0
1.0
1.0
1.0
1.0
1.0
1.0
1.0
1.0
1.0
1.0
1.0
1.0
1.0
1.0
1.0
1.0
1.0
1.0
1.0
1.0
1.0
1.0
1.0
1.0
1.0
1.0
1.0
1.0
1.0
1.0
1.0
1.0
1.0
1.0
1.0
1.0
1.0
1.0
1.0
1.0
1.0
1.0
1.0
1.0
1.0
1.0
1.0
1.0
1.0
1.0
1.0
1.0
1.0
1.0
1.0
1.0
1.0
1.0
1.0
1.0
1.0
1.0
1.0
1.0
1.0
1.0
1.0
1.0
1.0
1.0
1.0
1.0
1.0
1.0
1.0
1.0
1.0
1.0
1.0
1.0
1.0
1.0
1.0
1.0
1.0
1.0
1.0
1.0
1.0
1.0
1.0
1.0
1.0
1.0
1.0
1.0
1.0
1.0
1.0
1.0
1.0
1.0
1.0
1.0
1.0
1.0
1.0
1.0
1.0
1.0
1.0
1.0
1.0
1.0
1.0
1.0
1.0
1.0
1.0
1.0
1.0
1.0
1.0
1.0
1.0
1.0
1.0
1.0
1.0
1.0
1.0
1.0
1.0
1.0
1.0
1.0
1.0
1.0
1.0
1.0
1.0
1.0
1.0
1.0
1.0
1.0
1.0
1.0
1.0
1.0
1.0
1.0
1.0
1.0
1.0
1.0
1.0
1.0
1.0
1.0
1.0
1.0
1.0
1.0
1.0
1.0
1.0
1.0
1.0
1.0
1.0
1.0
1.0
1.0
1.0
1.0
1.0
1.0
1.0
1.0
1.0
1.0
1.0
1.0
1.0
1.0
1.0
1.0
1.0
1.0
1.0
1.0
1.0
1.0
1.0
1.0
1.0
1.0
1.0
1.0
1.0
1.0
1.0
1.0
1.0
1.0
1.0
1.0
1.0
1.0
1.0
1.0
1.0
1.0
1.0
1.0
1.0
1.0
1.0
1.0
1.0
1.0
1.0
1.0
1.0
1.0
1.0
1.0
1.0
1.0
1.0
1.0
1.0
1.0
1.0
1.0
1.0
1.0
1.0
1.0
1.0
1.0
1.0
1.0
1.0
1.0
1.0
1.0
1.0
1.0
1.0
1.0
1.0
1.0
1.0
1.0
1.0
1.0
1.0
1.0
1.0
1.0
1.0
1.0
1.0
1.0
1.0
1.0
1.0
1.0
1.0
1.0
1.0
1.0
1.0
1.0
1.0
1.0
1.0
1.0
1.0
1.0
1.0
1.0
1.0
1.0
1.0
1.0
1.0
1.0
1.0
1.0
1.0
1.0
1.0
1.0
1.0
1.0
1.0
1.0
1.0
1.0
1.0
1.0
1.0
1.0
1.0
1.0
1.0
1.0
1.0
1.0
1.0
1.0
1.0
1.0
1.0
1.0
1.0
1.0
1.0
1.0
1.0
1.0
1.0
1.0
1.0
1.0
1.0
1.0
1.0
1.0
1.0
1.0
1.0
1.0
1.0
1.0
1.0
1.0
1.0
1.0
1.0
1.0
1.0
1.0
1.0
1.0
1.0
1.0
1.0
1.0
1.0
1.0
1.0
1.0
1.0
1.0
1.0
1.0
1.0
1.0
1.0
1.0
1.0
1.0
1.0
1.0
1.0
1.0
1.0
1.0
1.0
1.0
1.0
1.0
1.0
1.0
1.0
1.0
1.0
1.0
1.0
1.0
1.0
1.0
1.0
1.0
1.0
1.0
1.0
1.0
1.0
1.0
1.0
1.0
1.0
1.0
1.0
1.0
1.0
1.0
1.0
1.0
1.0
1.0
1.0
1.0
1.0
1.0
1.0
1.0
1.0
1.0
1.0
1.0
1.0
1.0
1.0
1.0
1.0
1.0
1.0
1.0
1.0
1.0
1.0
1.0
1.0
1.0
1.0
1.0
1.0
1.0
1.0
1.0
1.0
1.0
1.0
1.0
1.0
1.0
1.0
1.0
1.0
1.0
1.0
1.0
1.0
1.0
1.0
1.0
1.0
1.0
1.0
1.0
1.0
1.0
1.0
1.0
1.0
1.0
1.0
1.0
1.0
1.0
1.0
1.0
1.0
1.0
1.0
1.0
1.0
1.0
1.0
