1091.144711
1051.527923
1042.598221
1038.432237
1040.532451
1048.484231
1064.712745
1111.989208
1036.231675
984.237745
969.319742
962.517992
964.941285
976.131916
999.661057
1061.649598
1017.853749
959.385944
943.616932
935.019314
937.629860
951.548953
976.482493
1045.789601
1006.608904
944.744606
926.287283
918.404783
921.353141
935.067027
963.316298
1036.478943
1001.626342
938.294119
919.672559
911.171326
913.866787
928.486742
956.978035
1032.117940
1000.229591
937.020476
918.443855
909.590516
912.574017
927.661931
956.445165
1031.795762
1003.432382
941.874049
922.969943
914.878987
917.823465
932.228485
960.614808
1034.584126
1011.212443
952.459452
935.862909
927.282954
930.243213
944.578939
970.736116
1041.821066
1025.566638
972.362390
955.534191
948.790112
950.911633
963.328367
987.466212
1052.942736
1072.516626
1029.304632
1017.085088
1012.702611
1014.506442
1024.137871
1041.941855
1096.179670
