0.000000	297.250179
1.000000	337.794628
2.000000	422.361907
3.000000	507.635474
4.000000	593.257712
5.000000	677.363529
6.000000	716.835111
7.000000	730.505883
8.000000	765.718941
9.000000	789.114189
10.000000	801.577827
11.000000	801.215553
12.000000	810.181246
13.000000	825.744588
14.000000	780.022097
15.000000	797.296765
16.000000	628.237999
17.000000	615.381938
18.000000	550.178884
19.000000	521.151491
20.000000	550.731773
21.000000	625.210241
22.000000	703.343066
23.000000	724.033783
24.000000	671.103434
25.000000	595.025648
26.000000	524.430074
27.000000	479.578633
28.000000	470.503411
29.000000	498.746211
30.000000	558.914601
31.000000	635.278642
32.000000	705.441130
33.000000	754.046568
34.000000	780.037651
35.000000	795.841602
36.000000	795.841602
37.000000	795.841602
38.000000	786.915067
39.000000	775.742222
40.000000	754.983587
41.000000	720.907871
42.000000	671.866606
43.000000	610.557227
44.000000	544.604793
45.000000	484.049935
46.000000	403.504143
47.000000	377.531170
48.000000	368.048341
49.000000	374.883104
50.000000	398.180863
51.000000	437.660913
52.000000	490.589192
53.000000	550.360644
54.000000	607.918584
55.000000	655.507398
56.000000	689.588278
57.000000	710.930004
58.000000	722.714000
59.000000	732.503748
60.000000	732.503748
61.000000	732.503748
62.000000	732.503748
63.000000	732.503748
64.000000	732.503748
65.000000	732.503748
66.000000	732.503748
67.000000	732.503748
68.000000	732.503748
69.000000	732.503748
70.000000	732.503748
71.000000	732.503748
72.000000	732.503748
73.000000	732.503748
74.000000	732.503748
75.000000	732.503748
76.000000	807.255700
77.000000	807.255700
78.000000	807.255700
79.000000	807.255700
80.000000	807.255700
81.000000	807.255700
82.000000	807.255700
83.000000	798.951125
84.000000	790.778212
85.000000	776.653132
86.000000	754.101544
87.000000	720.981811
88.000000	676.475492
89.000000	622.088897
90.000000	562.035140
91.000000	502.419183
92.000000	449.348234
93.000000	411.453202
94.000000	381.852703
95.000000	364.380246
96.000000	358.399914
97.000000	363.578762
98.000000	380.208626
99.000000	408.927285
100.000000	445.934085
101.000000	498.345380
102.000000	557.682935
103.000000	617.920408
104.000000	672.882033
105.000000	718.176604
106.000000	1106.062574
107.000000	1133.019473
108.000000	1149.436608
109.000000	1158.685789
110.000000	1163.515360
111.000000	1167.621955
112.000000	1167.621955
113.000000	1167.621955
114.000000	1167.621955
115.000000	1167.621955
116.000000	1167.621955
117.000000	1167.621955
118.000000	1167.621955
119.000000	1167.621955
120.000000	1167.621955
121.000000	1167.621955
122.000000	1167.621955
123.000000	1167.621955
124.000000	1167.621955
125.000000	1167.621955
126.000000	1167.621955
127.000000	1167.621955
128.000000	1167.621955
129.000000	1167.621955
130.000000	1167.621955
131.000000	1167.621955
132.000000	1167.621955
133.000000	1167.621955
134.000000	1167.621955
135.000000	1167.621955
136.000000	1276.221754
137.000000	1276.221754
138.000000	1276.221754
139.000000	1276.221754
140.000000	1276.221754
141.000000	1276.221754
142.000000	1276.221754
143.000000	1276.221754
144.000000	1276.221754
145.000000	1276.221754
146.000000	1276.221754
147.000000	1276.221754
148.000000	1276.221754
149.000000	1276.221754
150.000000	1276.221754
151.000000	1276.221754
152.000000	1276.221754
153.000000	1276.221754
154.000000	1276.221754
155.000000	1276.221754
156.000000	1276.221754
157.000000	1276.221754
158.000000	1276.221754
159.000000	1276.221754
160.000000	1276.221754
161.000000	1276.221754
162.000000	1276.221754
163.000000	1276.221754
164.000000	1276.221754
165.000000	1276.221754
166.000000	1381.737619
167.000000	1381.737619
168.000000	1381.737619
169.000000	1381.737619
170.000000	1381.737619
171.000000	1381.737619
172.000000	1381.737619
173.000000	1381.737619
174.000000	1381.737619
175.000000	1381.737619
176.000000	1381.737619
177.000000	1381.737619
178.000000	1381.737619
179.000000	1381.737619
180.000000	1381.737619
181.000000	1381.737619
182.000000	1381.737619
183.000000	1381.737619
184.000000	1381.737619
185.000000	1381.737619
186.000000	1381.737619
187.000000	1381.737619
188.000000	1381.737619
189.000000	1381.737619
190.000000	1381.737619
191.000000	1381.737619
192.000000	1381.737619
193.000000	1381.737619
194.000000	1381.737619
195.000000	1381.737619
196.000000	1475.262466
197.000000	1475.262466
198.000000	1475.262466
199.000000	1475.262466
200.000000	1475.262466
201.000000	1475.262466
202.000000	1475.262466
203.000000	1475.262466
204.000000	1475.262466
205.000000	1475.262466
206.000000	1475.262466
207.000000	1475.262466
208.000000	1475.262466
209.000000	1475.262466
210.000000	1475.262466
211.000000	1475.262466
212.000000	1475.262466
213.000000	1475.262466
214.000000	1475.262466
215.000000	1475.262466
216.000000	1475.262466
217.000000	1475.262466
218.000000	1475.262466
219.000000	1475.262466
220.000000	1475.262466
221.000000	1475.262466
222.000000	1475.262466
223.000000	1475.262466
224.000000	1475.262466
225.000000	1475.262466
226.000000	1354.772233
227.000000	1354.772233
228.000000	1354.772233
229.000000	1354.772233
230.000000	1354.772233
231.000000	1354.772233
232.000000	1354.772233
233.000000	1354.772233
234.000000	1354.772233
235.000000	1354.772233
236.000000	1354.772233
237.000000	1354.772233
238.000000	1354.772233
239.000000	1354.772233
240.000000	1354.772233
241.000000	1354.772233
242.000000	1354.772233
243.000000	1354.772233
244.000000	1354.772233
245.000000	1354.772233
246.000000	1354.772233
247.000000	1354.772233
248.000000	1354.772233
249.000000	1354.772233
250.000000	1354.772233
251.000000	1354.772233
252.000000	1354.772233
253.000000	1354.772233
254.000000	1354.772233
255.000000	1354.772233
256.000000	1264.275718
257.000000	1264.275718
258.000000	1264.275718
259.000000	1264.275718
260.000000	1264.275718
261.000000	1264.275718
262.000000	1260.804535
263.000000	1256.110477
264.000000	1247.356950
265.000000	1231.446069
266.000000	1204.620866
267.000000	1162.840452
268.000000	1103.139049
269.000000	1025.601586
270.000000	933.149563
271.000000	832.693559
272.000000	728.268236
273.000000	621.813935
274.000000	513.297937
275.000000	416.414214
276.000000	368.282955
277.000000	411.324411
278.000000	505.342422
279.000000	612.740626
280.000000	718.854459
281.000000	823.318346
282.000000	924.165725
283.000000	1017.340715
284.000000	1053.070346
285.000000	988.158531
286.000000	1241.017431
287.000000	1232.663445
288.000000	1263.031071
289.000000	1231.926433
290.000000	1221.421449
291.000000	1302.370950
292.000000	1279.143425
293.000000	1130.845005
294.000000	1074.698840
295.000000	1194.934805
296.000000	1266.111574
297.000000	1243.591169
298.000000	1290.904761
299.000000	1228.127363
300.000000	1062.605000
301.000000	918.661560
302.000000	962.238489
303.000000	1134.024329
304.000000	1261.170184
305.000000	1247.092636
306.000000	1242.111786
307.000000	1170.701756
308.000000	1114.418858
309.000000	1230.219947
310.000000	1256.864470
311.000000	1228.123728
312.000000	1216.088393
313.000000	1186.198716
314.000000	1182.919007
315.000000	1091.872830
316.000000	1109.017828
317.000000	899.216928
318.000000	767.600186
319.000000	900.046711
320.000000	1108.256142
321.000000	1263.899837
322.000000	1312.670417
323.000000	1358.669178
324.000000	1400.974510
325.000000	1361.849823
326.000000	1365.566444
327.000000	1360.608025
328.000000	1253.249083
329.000000	1319.098044
330.000000	1371.382245
331.000000	1390.546313
332.000000	1336.314128
333.000000	1286.606743
334.000000	1113.210642
335.000000	1052.126462
336.000000	1231.855939
337.000000	1324.373661
338.000000	1373.046091
339.000000	1403.259665
340.000000	1382.596644
341.000000	1345.678209
342.000000	1209.589957
343.000000	1285.239193
344.000000	1398.032463
345.000000	1398.841680
346.000000	736.069286
347.000000	741.723456
348.000000	766.230821
349.000000	792.380002
350.000000	803.643428
351.000000	787.507862
352.000000	765.127870
353.000000	729.369632
354.000000	707.980161
355.000000	675.798035
356.000000	593.257712
357.000000	507.635474
358.000000	422.361907
359.000000	337.794628
