0.000000	256.690174
1.000000	282.358605
2.000000	370.012395
3.000000	446.692008
4.000000	502.455972
5.000000	534.793167
6.000000	560.644048
7.000000	564.768509
8.000000	566.610998
9.000000	585.475939
10.000000	602.247120
11.000000	611.561466
12.000000	623.238081
13.000000	583.896391
14.000000	579.115350
15.000000	566.989661
16.000000	581.474087
17.000000	571.797012
18.000000	558.963611
19.000000	542.919790
20.000000	554.194145
21.000000	562.377949
22.000000	584.906549
23.000000	600.416397
24.000000	581.707905
25.000000	566.451856
26.000000	540.106901
27.000000	455.729552
28.000000	446.741349
29.000000	499.218177
30.000000	559.230947
31.000000	573.370578
32.000000	585.363417
33.000000	578.135163
34.000000	551.501713
35.000000	557.930655
36.000000	560.881676
37.000000	555.124706
38.000000	558.824125
39.000000	585.081383
40.000000	569.816162
41.000000	599.825453
42.000000	564.061038
43.000000	543.577044
44.000000	538.052522
45.000000	524.849115
46.000000	454.874915
47.000000	363.955664
48.000000	331.840102
49.000000	356.216106
50.000000	445.974387
51.000000	520.603813
52.000000	561.911842
53.000000	574.554994
54.000000	579.122192
55.000000	597.435338
56.000000	585.695829
57.000000	624.813702
58.000000	615.623413
59.000000	595.252359
60.000000	565.922117
61.000000	563.368968
62.000000	580.474946
63.000000	613.452707
64.000000	631.013928
65.000000	613.410104
66.000000	582.372402
67.000000	514.469901
68.000000	468.231162
69.000000	474.168227
70.000000	534.869918
71.000000	597.405986
72.000000	627.875847
73.000000	636.439582
74.000000	628.554562
75.000000	598.494232
76.000000	569.916956
77.000000	543.466808
78.000000	560.810355
79.000000	614.681043
80.000000	633.671673
81.000000	629.515373
82.000000	618.364846
83.000000	596.743975
84.000000	621.033935
85.000000	614.655548
86.000000	603.492664
87.000000	638.566742
88.000000	656.458109
89.000000	633.671288
90.000000	579.668652
91.000000	536.573602
92.000000	503.918516
93.000000	449.718020
94.000000	374.221087
95.000000	304.020711
96.000000	277.930999
97.000000	300.607163
98.000000	367.834466
99.000000	443.745172
100.000000	501.007954
101.000000	533.347151
102.000000	575.127002
103.000000	627.447467
104.000000	638.051426
105.000000	629.556916
106.000000	588.241854
107.000000	621.714117
108.000000	593.487394
109.000000	619.471796
110.000000	626.436347
111.000000	620.117252
112.000000	617.439248
113.000000	612.354572
114.000000	598.167746
115.000000	619.751618
116.000000	665.971670
117.000000	729.938991
118.000000	674.515448
119.000000	606.449218
120.000000	589.585919
121.000000	560.265292
122.000000	570.028446
123.000000	595.462475
124.000000	628.068732
125.000000	709.086434
126.000000	780.574934
127.000000	816.452673
128.000000	827.264235
129.000000	824.251340
130.000000	811.568163
131.000000	782.937664
132.000000	732.368996
133.000000	664.555626
134.000000	599.484621
135.000000	564.881087
136.000000	553.357370
137.000000	522.174408
138.000000	505.334927
139.000000	518.594678
140.000000	549.825534
141.000000	563.443996
142.000000	592.759256
143.000000	655.532471
144.000000	724.389202
145.000000	777.745288
146.000000	808.973012
147.000000	823.237819
148.000000	828.434698
149.000000	829.967074
150.000000	830.342845
151.000000	830.410945
152.000000	830.423558
153.000000	830.423558
154.000000	830.423558
155.000000	830.423558
156.000000	830.423558
157.000000	830.423558
158.000000	830.423558
159.000000	830.423558
160.000000	830.423053
161.000000	830.420687
162.000000	830.411077
163.000000	830.374032
164.000000	830.244572
165.000000	829.835611
166.000000	828.556373
167.000000	825.455280
168.000000	818.465788
169.000000	804.453602
170.000000	779.659494
171.000000	741.319208
172.000000	690.170244
173.000000	632.363054
174.000000	578.824794
175.000000	541.723039
176.000000	529.892992
177.000000	517.477965
178.000000	489.492142
179.000000	466.091322
180.000000	457.391797
181.000000	466.091322
182.000000	489.492142
183.000000	517.477965
184.000000	529.892992
185.000000	541.723039
186.000000	578.824794
187.000000	632.363054
188.000000	690.170244
189.000000	741.319208
190.000000	779.659494
191.000000	804.453602
192.000000	818.465788
193.000000	825.455280
194.000000	828.556373
195.000000	829.835611
196.000000	830.244572
197.000000	830.374032
198.000000	830.411077
199.000000	830.420687
200.000000	830.423053
201.000000	830.423558
202.000000	830.423558
203.000000	830.423558
204.000000	830.423558
205.000000	830.423558
206.000000	830.423558
207.000000	830.423558
208.000000	830.423558
209.000000	830.423558
210.000000	830.423558
211.000000	830.423558
212.000000	830.423558
213.000000	830.421267
214.000000	830.408884
215.000000	830.342809
216.000000	830.042767
217.000000	828.808059
218.000000	824.947129
219.000000	814.619120
220.000000	791.735538
221.000000	750.382777
222.000000	690.750946
223.000000	624.483151
224.000000	572.289163
225.000000	553.475984
226.000000	535.254408
227.000000	504.457962
228.000000	490.507582
229.000000	503.232604
230.000000	533.776473
231.000000	553.365919
232.000000	570.494543
233.000000	621.460127
234.000000	687.561369
235.000000	747.880005
236.000000	790.197556
237.000000	813.858152
238.000000	824.638160
239.000000	828.703732
240.000000	830.014783
241.000000	830.336220
242.000000	830.407570
243.000000	830.421043
244.000000	830.423558
245.000000	830.423558
246.000000	830.423558
247.000000	830.423558
248.000000	830.423558
249.000000	830.423558
250.000000	830.423558
251.000000	830.423558
252.000000	830.423558
253.000000	830.423558
254.000000	830.423558
255.000000	830.423558
256.000000	830.423085
257.000000	830.420854
258.000000	830.411759
259.000000	830.376554
260.000000	830.253012
261.000000	829.861087
262.000000	828.629059
263.000000	825.629465
264.000000	818.838055
265.000000	805.158355
266.000000	780.830879
267.000000	743.009140
268.000000	692.254499
269.000000	634.509644
270.000000	580.579568
271.000000	542.674344
272.000000	529.984787
273.000000	518.351885
274.000000	490.478445
275.000000	466.717855
276.000000	457.429468
277.000000	465.495066
278.000000	488.465854
279.000000	516.600629
280.000000	529.837991
281.000000	540.855184
282.000000	577.203402
283.000000	630.381815
284.000000	688.254474
285.000000	739.774153
286.000000	778.594995
287.000000	803.817369
288.000000	818.132074
289.000000	825.300289
290.000000	828.492195
291.000000	829.813284
292.000000	830.237237
293.000000	830.371858
294.000000	830.410494
295.000000	830.420545
296.000000	830.423027
297.000000	830.423558
298.000000	830.423558
299.000000	830.423558
300.000000	830.423558
301.000000	830.423558
302.000000	830.423558
303.000000	830.423558
304.000000	830.423558
305.000000	830.411650
306.000000	830.346959
307.000000	829.987826
308.000000	828.514866
309.000000	823.489326
310.000000	809.606065
311.000000	779.000580
312.000000	726.298005
313.000000	657.661583
314.000000	594.308512
315.000000	563.715878
316.000000	550.699391
317.000000	519.440891
318.000000	505.301168
319.000000	521.279503
320.000000	552.515084
321.000000	564.462144
322.000000	597.803781
323.000000	662.351767
324.000000	730.446242
325.000000	781.699968
326.000000	810.955270
327.000000	824.011925
328.000000	827.206109
329.000000	816.358871
330.000000	780.315096
331.000000	708.657228
332.000000	627.716804
333.000000	595.444715
334.000000	569.852206
335.000000	560.356365
336.000000	589.756069
337.000000	606.724892
338.000000	675.075401
339.000000	729.894053
340.000000	665.394132
341.000000	619.785713
342.000000	598.079637
343.000000	612.517303
344.000000	617.827746
345.000000	620.208015
346.000000	625.994829
347.000000	619.389103
348.000000	593.419540
349.000000	622.269308
350.000000	586.925336
351.000000	591.367431
352.000000	564.303714
353.000000	555.594392
354.000000	552.995260
355.000000	534.616190
356.000000	502.455972
357.000000	446.692008
358.000000	370.012395
359.000000	282.358605
