0.000000	205.517362
1.000000	234.340935
2.000000	294.045731
3.000000	369.564432
4.000000	459.870232
5.000000	555.988423
6.000000	633.992099
7.000000	611.245500
8.000000	596.916467
9.000000	601.860342
10.000000	606.114535
11.000000	597.190962
12.000000	603.668649
13.000000	623.073080
14.000000	530.098491
15.000000	552.485965
16.000000	599.254840
17.000000	606.500604
18.000000	531.997614
19.000000	468.803508
20.000000	533.915385
21.000000	585.628118
22.000000	588.816715
23.000000	593.033728
24.000000	600.381570
25.000000	610.616785
26.000000	515.681865
27.000000	398.330619
28.000000	368.380333
29.000000	461.339887
30.000000	578.315262
31.000000	599.160264
32.000000	593.686299
33.000000	586.201873
34.000000	572.305334
35.000000	509.062807
36.000000	508.010845
37.000000	583.015940
38.000000	582.294840
39.000000	544.724548
40.000000	599.332031
41.000000	599.749688
42.000000	594.204241
43.000000	581.008412
44.000000	579.431693
45.000000	493.459077
46.000000	390.723846
47.000000	304.021309
48.000000	260.999963
49.000000	297.103177
50.000000	383.023245
51.000000	486.422163
52.000000	592.068588
53.000000	641.923161
54.000000	602.966923
55.000000	599.108343
56.000000	611.031699
57.000000	583.418208
58.000000	629.776869
59.000000	631.248912
60.000000	519.312609
61.000000	504.654771
62.000000	606.025581
63.000000	617.569000
64.000000	616.931404
65.000000	675.995519
66.000000	599.284750
67.000000	474.936577
68.000000	383.578805
69.000000	397.909514
70.000000	504.818119
71.000000	628.771324
72.000000	691.614748
73.000000	616.614632
74.000000	610.564238
75.000000	649.080854
76.000000	549.005612
77.000000	469.644278
78.000000	524.496523
79.000000	649.941466
80.000000	687.597404
81.000000	592.536777
82.000000	562.922523
83.000000	625.175741
84.000000	607.978714
85.000000	595.711206
86.000000	608.823358
87.000000	639.391461
88.000000	737.277387
89.000000	721.857734
90.000000	650.047886
91.000000	560.563968
92.000000	464.325847
93.000000	373.413071
94.000000	297.190222
95.000000	241.908414
96.000000	212.945567
97.000000	237.979058
98.000000	291.397747
99.000000	365.844351
100.000000	455.595262
101.000000	551.756432
102.000000	642.353183
103.000000	715.318452
104.000000	716.952323
105.000000	623.618171
106.000000	608.922934
107.000000	592.746278
108.000000	624.347745
109.000000	589.118864
110.000000	576.562406
111.000000	659.355504
112.000000	652.855804
113.000000	554.847787
114.000000	526.615172
115.000000	597.343581
116.000000	713.106663
117.000000	780.182565
118.000000	730.565611
119.000000	626.182791
120.000000	520.300727
121.000000	462.990545
122.000000	477.580898
123.000000	558.744466
124.000000	670.517984
125.000000	762.785736
126.000000	814.195152
127.000000	834.811678
128.000000	840.835959
129.000000	840.050154
130.000000	834.587062
131.000000	820.756574
132.000000	790.754388
133.000000	735.609441
134.000000	651.638598
135.000000	550.732757
136.000000	456.373620
137.000000	392.465539
138.000000	369.026746
139.000000	387.154562
140.000000	446.151741
141.000000	537.716706
142.000000	639.166639
143.000000	726.438908
144.000000	785.276073
145.000000	818.017661
146.000000	833.419920
147.000000	839.635680
148.000000	841.807334
149.000000	842.468158
150.000000	842.648713
151.000000	842.686263
152.000000	842.695440
153.000000	842.695440
154.000000	842.695440
155.000000	842.695440
156.000000	842.695440
157.000000	842.695440
158.000000	842.695440
159.000000	842.695440
160.000000	842.695233
161.000000	842.694363
162.000000	842.691320
163.000000	842.680644
164.000000	842.645617
165.000000	842.538387
166.000000	842.180180
167.000000	841.302548
168.000000	839.181096
169.000000	834.431531
170.000000	824.613572
171.000000	805.952644
172.000000	773.531509
173.000000	722.496094
174.000000	650.677642
175.000000	562.070250
176.000000	468.568679
177.000000	390.827079
178.000000	332.117937
179.000000	298.214619
180.000000	287.284264
181.000000	298.214619
182.000000	332.117937
183.000000	390.827079
184.000000	468.568679
185.000000	562.070250
186.000000	650.677642
187.000000	722.496094
188.000000	773.531509
189.000000	805.952644
190.000000	824.613572
191.000000	834.431531
192.000000	839.181096
193.000000	841.302548
194.000000	842.180180
195.000000	842.538387
196.000000	842.645617
197.000000	842.680644
198.000000	842.691320
199.000000	842.694363
200.000000	842.695233
201.000000	842.695440
202.000000	842.695440
203.000000	842.695440
204.000000	842.695440
205.000000	842.695440
206.000000	842.695440
207.000000	842.695440
208.000000	842.695440
209.000000	842.695440
210.000000	842.695440
211.000000	842.695440
212.000000	842.695440
213.000000	842.693695
214.000000	842.686627
215.000000	842.655276
216.000000	842.530577
217.000000	842.040701
218.000000	840.559251
219.000000	836.442733
220.000000	826.310179
221.000000	804.356741
222.000000	762.892047
223.000000	695.664664
224.000000	604.324364
225.000000	503.717584
226.000000	417.210081
227.000000	362.191760
228.000000	343.386126
229.000000	360.452086
230.000000	413.748046
231.000000	499.030496
232.000000	599.507416
233.000000	691.745470
234.000000	760.268472
235.000000	802.867476
236.000000	825.578932
237.000000	836.128312
238.000000	840.439934
239.000000	842.000528
240.000000	842.519419
241.000000	842.652339
242.000000	842.685935
243.000000	842.693549
244.000000	842.695440
245.000000	842.695440
246.000000	842.695440
247.000000	842.695440
248.000000	842.695440
249.000000	842.695440
250.000000	842.695440
251.000000	842.695440
252.000000	842.695440
253.000000	842.695440
254.000000	842.695440
255.000000	842.695440
256.000000	842.695245
257.000000	842.694420
258.000000	842.691528
259.000000	842.681350
260.000000	842.647862
261.000000	842.545036
262.000000	842.200235
263.000000	841.352965
264.000000	839.298615
265.000000	834.684817
266.000000	825.116561
267.000000	806.868523
268.000000	775.049860
269.000000	724.763146
270.000000	653.676595
271.000000	565.504828
272.000000	471.883156
273.000000	393.417603
274.000000	333.802014
275.000000	299.022113
276.000000	287.298095
277.000000	297.445002
278.000000	330.502422
279.000000	388.349646
280.000000	465.411864
281.000000	558.813751
282.000000	647.849750
283.000000	720.372136
284.000000	772.119244
285.000000	805.107352
286.000000	824.153119
287.000000	834.201612
288.000000	839.075340
289.000000	841.257578
290.000000	842.162453
291.000000	842.532561
292.000000	842.643669
293.000000	842.680037
294.000000	842.691144
295.000000	842.694315
296.000000	842.695223
297.000000	842.695440
298.000000	842.695440
299.000000	842.695440
300.000000	842.695440
301.000000	842.695440
302.000000	842.695440
303.000000	842.695440
304.000000	842.695440
305.000000	842.686709
306.000000	842.650832
307.000000	842.477587
308.000000	841.841116
309.000000	839.741246
310.000000	833.706197
311.000000	818.686507
312.000000	786.607133
313.000000	728.653213
314.000000	642.153967
315.000000	540.801981
316.000000	448.542970
317.000000	388.364763
318.000000	368.964914
319.000000	391.124728
320.000000	453.855504
321.000000	547.567315
322.000000	648.636846
323.000000	733.420159
324.000000	789.454902
325.000000	820.110316
326.000000	834.312921
327.000000	839.950184
328.000000	840.811818
329.000000	834.760676
330.000000	814.035796
331.000000	762.420671
332.000000	669.938027
333.000000	558.159794
334.000000	477.285217
335.000000	463.128969
336.000000	520.860209
337.000000	626.932974
338.000000	731.157715
339.000000	780.118579
340.000000	712.374310
341.000000	596.660827
342.000000	526.475653
343.000000	555.268838
344.000000	653.495958
345.000000	659.617445
346.000000	575.783992
347.000000	588.064670
348.000000	625.143725
349.000000	592.863754
350.000000	608.520951
351.000000	600.235392
352.000000	596.884089
353.000000	600.624992
354.000000	626.924286
355.000000	555.889552
356.000000	459.870232
357.000000	369.564432
358.000000	294.045731
359.000000	234.340935
