205.517362
234.340935
294.230930
369.635671
459.891567
556.098467
634.396406
611.504774
596.936750
602.624965
606.121775
597.203483
604.169740
623.076684
530.216552
552.500304
599.276479
606.500613
532.102172
468.845511
533.916868
585.648361
589.199625
593.748583
600.462016
610.677922
516.651473
398.330619
368.380333
461.407723
579.306628
599.492261
594.331289
586.267178
572.305334
509.065846
508.208220
583.055226
582.395086
544.724548
599.506674
599.863893
594.557576
581.012205
579.485036
493.709275
390.782872
304.021309
260.999963
297.103177
383.135781
486.510061
592.128212
641.926534
603.206486
599.108814
611.295983
583.418208
629.875356
631.252063
519.314378
504.900678
606.025608
617.712088
616.933846
676.411670
599.558052
474.939894
383.578805
397.909514
504.824070
628.870469
691.792480
616.615360
610.574753
649.114667
549.006568
469.650635
524.557165
649.941490
687.655213
592.548511
562.951200
625.176530
608.328670
595.711206
608.833826
639.391500
737.354690
722.543243
650.048827
560.591846
464.344118
373.472057
297.190222
241.908414
212.945567
237.979058
291.397747
365.923138
455.619274
551.791459
642.358263
716.660086
717.189281
623.619069
609.005703
592.746278
624.431572
589.140360
576.696005
659.357150
652.856367
555.026065
526.617381
597.359821
713.106665
780.182565
730.565611
626.187213
520.300753
462.990545
477.580898
558.744466
670.517984
762.785737
814.195177
834.813938
842.695440
840.064428
834.587142
820.756574
790.754388
735.609441
651.638598
550.732757
456.373620
392.465539
369.026746
387.154562
446.151741
537.716706
639.166639
726.438908
785.276073
818.017661
833.419920
839.635680
842.695440
842.695440
842.695440
842.695440
842.695440
842.695440
842.695440
842.695440
842.695440
842.695440
842.695440
842.695440
842.695440
842.695440
842.695440
842.695440
842.695440
842.695440
842.180180
841.302548
839.181096
834.431531
824.613572
805.952644
773.531509
722.496094
650.677642
562.070250
468.568679
390.827079
332.117937
298.214619
287.284264
298.214619
332.117937
390.827079
468.568679
562.070250
650.677642
722.496094
773.531509
805.952644
824.613572
834.431531
839.181096
841.302548
842.180180
842.695440
842.695440
842.695440
842.695440
842.695440
842.695440
842.695440
842.695440
842.695440
842.695440
842.695440
842.695440
842.695440
842.695440
842.695440
842.695440
842.695440
842.695440
842.695440
842.695440
842.695440
842.695440
842.695440
840.559251
836.442733
826.310179
804.356741
762.892047
695.664664
604.324364
503.717584
417.210081
362.191760
343.386126
360.452086
413.748046
499.030496
599.507416
691.745470
760.268472
802.867476
825.578932
836.128312
840.439934
842.695440
842.695440
842.695440
842.695440
842.695440
842.695440
842.695440
842.695440
842.695440
842.695440
842.695440
842.695440
842.695440
842.695440
842.695440
842.695440
842.695440
842.695440
842.695440
842.695440
842.695440
842.695440
842.695440
842.695440
841.352965
839.298615
834.684817
825.116561
806.868523
775.049860
724.763146
653.676595
565.504828
471.883156
393.417603
333.802014
299.022113
287.298095
297.445002
330.502422
388.349646
465.411864
558.813751
647.849750
720.372136
772.119244
805.107352
824.153119
834.201612
839.075340
841.257578
842.162453
842.695440
842.695440
842.695440
842.695440
842.695440
842.695440
842.695440
842.695440
842.695440
842.695440
842.695440
842.695440
842.695440
842.695440
842.695440
842.695440
842.695440
842.695440
839.741246
833.706197
818.686507
786.607133
728.653213
642.153967
540.801981
448.542970
388.364763
368.964914
391.124728
453.855504
547.567315
648.636846
733.420159
789.454902
820.110316
834.312999
839.964151
842.695440
834.763136
814.035823
762.420672
669.938027
558.159794
477.285217
463.128969
520.860236
626.937571
731.157715
780.118579
712.374312
596.676626
526.477827
555.445375
653.496499
659.619030
575.908205
588.085755
625.221500
592.863754
609.240544
600.468632
596.991508
601.350659
627.885230
556.098467
459.891567
369.635671
294.230930
234.340935
