0.000000 34179.085492
1.000000 36465.727480
2.000000 41404.012660
3.000000 47358.942333
4.000000 53000.265237
5.000000 58369.641513
6.000000 64052.457922
7.000000 68389.046869
8.000000 71491.374164
9.000000 73406.113418
10.000000 74452.569382
11.000000 74574.225355
12.000000 74642.086682
13.000000 74451.001813
14.000000 72301.369730
15.000000 72839.593486
16.000000 55454.562663
17.000000 54657.018664
18.000000 51804.571938
19.000000 49980.755306
20.000000 51895.377625
21.000000 54728.146701
22.000000 55742.842146
23.000000 55814.378394
24.000000 54876.852953
25.000000 52555.891216
26.000000 48757.998657
27.000000 45015.570549
28.000000 44226.312701
29.000000 46867.027664
30.000000 51022.002309
31.000000 54140.396625
32.000000 55789.322970
33.000000 56206.569938
34.000000 55283.342261
35.000000 53246.601081
36.000000 53177.470908
37.000000 55387.141163
38.000000 56370.817705
39.000000 56282.241538
40.000000 56539.525349
41.000000 56015.512925
42.000000 54525.128414
43.000000 52101.586049
44.000000 48699.264902
45.000000 44494.992611
46.000000 37459.747197
47.000000 34177.605656
48.000000 32492.373478
49.000000 33816.463683
50.000000 37016.705464
51.000000 40442.978925
52.000000 44418.137251
53.000000 47922.597721
54.000000 50461.386624
55.000000 51916.244925
56.000000 52460.016345
57.000000 52385.029411
58.000000 52579.077078
59.000000 51894.124195
60.000000 49819.556425
61.000000 49551.680153
62.000000 51414.010902
63.000000 52577.629006
64.000000 52356.799902
65.000000 51027.950382
66.000000 48011.089741
67.000000 44201.046019
68.000000 41923.046925
69.000000 42226.578137
70.000000 44994.285629
71.000000 48810.947286
72.000000 51507.093171
73.000000 52419.162987
74.000000 52575.100272
75.000000 51914.381562
76.000000 54088.491851
77.000000 52197.468631
78.000000 53420.885298
79.000000 56234.744649
80.000000 57527.849829
81.000000 56625.281310
82.000000 56360.215686
83.000000 57427.977792
84.000000 57753.695708
85.000000 57652.717939
86.000000 57486.631821
87.000000 56595.014056
88.000000 54875.748004
89.000000 52451.293397
90.000000 48789.284933
91.000000 44525.043163
92.000000 39993.477656
93.000000 36419.493696
94.000000 32515.531174
95.000000 28952.575693
96.000000 27424.358689
97.000000 28643.646023
98.000000 32027.263751
99.000000 35955.647642
100.000000 39541.740796
101.000000 43985.941903
102.000000 48292.901811
103.000000 51990.168093
104.000000 54463.815032
105.000000 56186.327502
106.000000 82535.392873
107.000000 82577.799219
108.000000 82780.090345
109.000000 81546.876496
110.000000 80931.573755
111.000000 82235.903063
112.000000 81122.657253
113.000000 77355.822244
114.000000 75885.237086
115.000000 78930.013835
116.000000 81937.938467
117.000000 82367.901668
118.000000 81051.954028
119.000000 77402.045236
120.000000 71851.550754
121.000000 67834.839032
122.000000 68779.937642
123.000000 73884.713671
124.000000 78907.326854
125.000000 81624.583168
126.000000 81949.881068
127.000000 79828.708632
128.000000 78739.975636
129.000000 80895.466217
130.000000 82162.583137
131.000000 81971.953528
132.000000 81075.396973
133.000000 78480.390765
134.000000 74394.727296
135.000000 68846.568202
136.000000 69407.065606
137.000000 63137.336314
138.000000 60178.265124
139.000000 63095.803122
140.000000 69343.491839
141.000000 76140.033542
142.000000 81775.177174
143.000000 86303.875332
144.000000 88877.132940
145.000000 89458.985361
146.000000 89582.876523
147.000000 88178.730959
148.000000 85641.202911
149.000000 86793.946184
150.000000 89098.305472
151.000000 88832.668138
152.000000 85924.756546
153.000000 80707.892480
154.000000 74840.369215
155.000000 73420.847479
156.000000 78244.343670
157.000000 84044.784701
158.000000 87850.151520
159.000000 89072.785666
160.000000 88479.914832
161.000000 85280.111159
162.000000 81583.586737
163.000000 83263.635340
164.000000 87514.699191
165.000000 88547.969422
166.000000 94566.241072
167.000000 95283.739201
168.000000 97219.130525
169.000000 96939.597714
170.000000 97152.066044
171.000000 96099.668739
172.000000 94009.931566
173.000000 90438.744180
174.000000 85330.594482
175.000000 78763.190914
176.000000 71491.212552
177.000000 63711.089552
178.000000 56217.556769
179.000000 48938.193820
180.000000 45983.946064
181.000000 48916.451092
182.000000 56193.429936
183.000000 63686.060135
184.000000 71468.755429
185.000000 78752.425000
186.000000 85424.565835
187.000000 90617.428144
188.000000 94247.268683
189.000000 96405.524252
190.000000 97456.595024
191.000000 97351.114287
192.000000 97357.510006
193.000000 97134.307477
194.000000 94356.134429
195.000000 95079.076706
196.000000 105079.584841
197.000000 103821.411623
198.000000 98726.162598
199.000000 95467.354368
200.000000 98901.045416
201.000000 103912.508012
202.000000 105427.019345
203.000000 105500.808883
204.000000 104615.393012
205.000000 100777.289313
206.000000 94185.892527
207.000000 87615.900461
208.000000 85996.246607
209.000000 90914.597714
210.000000 98113.336224
211.000000 103430.362535
212.000000 105775.068054
213.000000 106202.633514
214.000000 104522.373858
215.000000 100664.220299
216.000000 100528.149180
217.000000 104548.977262
218.000000 106279.333367
219.000000 105735.053046
220.000000 106570.293202
221.000000 106317.337153
222.000000 104519.890654
223.000000 100675.171541
224.000000 94929.203671
225.000000 87684.079732
226.000000 71833.432271
227.000000 65486.764863
228.000000 62409.705580
229.000000 64863.750634
230.000000 70920.401103
231.000000 77964.100098
232.000000 84560.772408
233.000000 90479.798847
234.000000 94608.109691
235.000000 96817.498280
236.000000 97500.946135
237.000000 96946.623354
238.000000 97301.980742
239.000000 96070.105987
240.000000 92408.045972
241.000000 91942.245888
242.000000 95353.338721
243.000000 97492.111294
244.000000 97203.339314
245.000000 95152.807474
246.000000 90074.985614
247.000000 83819.179133
248.000000 79419.518174
249.000000 80054.808477
250.000000 85121.048230
251.000000 91448.265151
252.000000 95977.987777
253.000000 97275.838383
254.000000 97404.752026
255.000000 96302.927606
256.000000 84895.318250
257.000000 82088.939566
258.000000 83910.233284
259.000000 88208.461233
260.000000 90218.058485
261.000000 88484.352591
262.000000 87944.278365
263.000000 89771.003209
264.000000 90281.987018
265.000000 90167.076121
266.000000 90307.559952
267.000000 89407.929863
268.000000 87412.618050
269.000000 83682.219313
270.000000 78153.924012
271.000000 71955.623488
272.000000 65220.508703
273.000000 58881.567676
274.000000 52618.620977
275.000000 46876.066818
276.000000 44301.529886
277.000000 46362.560787
278.000000 51843.166159
279.000000 58132.555770
280.000000 64369.934643
281.000000 71165.855478
282.000000 77434.947565
283.000000 82956.790972
284.000000 86779.829932
285.000000 88882.841215
286.000000 110977.132609
287.000000 110742.071521
288.000000 111081.001150
289.000000 109433.142975
290.000000 108662.568178
291.000000 110514.453429
292.000000 109308.160815
293.000000 104558.750735
294.000000 102707.377074
295.000000 106538.096704
296.000000 110294.752066
297.000000 110628.318714
298.000000 109470.303751
299.000000 105165.358310
300.000000 98289.833207
301.000000 93163.999725
302.000000 94421.562065
303.000000 100807.019966
304.000000 107004.810239
305.000000 109960.266392
306.000000 110262.244535
307.000000 107472.175529
308.000000 105970.285046
309.000000 108841.195004
310.000000 110359.594134
311.000000 110164.929730
312.000000 109516.627700
313.000000 106879.173413
314.000000 102025.931263
315.000000 95190.121841
316.000000 100994.923989
317.000000 92325.995910
318.000000 88004.039090
319.000000 92242.561737
320.000000 100902.334003
321.000000 109431.424163
322.000000 116114.049019
323.000000 120880.992535
324.000000 123442.592950
325.000000 123504.333987
326.000000 123568.431565
327.000000 121971.210431
328.000000 118710.673461
329.000000 120335.448585
330.000000 123201.825290
331.000000 123147.724473
332.000000 120132.118044
333.000000 114139.890392
334.000000 106796.566749
335.000000 104964.735621
336.000000 111091.521626
337.000000 118091.348538
338.000000 122135.990734
339.000000 123253.798279
340.000000 122590.036148
341.000000 118963.673786
342.000000 114351.058410
343.000000 116476.525279
344.000000 121525.244549
345.000000 122589.415541
346.000000 72422.336217
347.000000 72998.722868
348.000000 74472.304820
349.000000 74220.943198
350.000000 74200.582997
351.000000 73151.570380
352.000000 71294.489672
353.000000 68244.697753
354.000000 63975.721727
355.000000 58379.187601
356.000000 53016.521523
357.000000 47376.904585
358.000000 41420.062981
359.000000 36479.288185
