0.000000 295.488064
1.000000 347.119574
2.000000 437.496799
3.000000 530.105450
4.000000 614.807348
5.000000 691.175864
6.000000 766.648316
7.000000 772.113271
8.000000 777.470259
9.000000 797.539945
10.000000 808.929708
11.000000 807.858171
12.000000 815.791491
13.000000 821.000386
14.000000 738.374894
15.000000 757.060841
16.000000 585.394118
17.000000 587.685817
18.000000 542.169629
19.000000 498.638701
20.000000 542.168647
21.000000 572.732855
22.000000 583.058496
23.000000 588.891994
24.000000 583.396129
25.000000 582.237401
26.000000 519.896439
27.000000 429.110744
28.000000 406.512832
29.000000 476.335482
30.000000 562.558470
31.000000 578.866592
32.000000 584.284980
33.000000 578.789716
34.000000 564.241122
35.000000 527.862920
36.000000 527.936754
37.000000 572.203290
38.000000 573.011663
39.000000 554.344351
40.000000 588.036644
41.000000 588.462583
42.000000 572.677150
43.000000 551.137267
44.000000 541.902799
45.000000 484.563709
46.000000 383.353749
47.000000 309.423985
48.000000 265.522192
49.000000 301.524803
50.000000 377.176058
51.000000 441.316554
52.000000 507.129000
53.000000 543.567749
54.000000 535.318216
55.000000 542.634423
56.000000 553.122505
57.000000 545.280332
58.000000 567.535842
59.000000 561.923297
60.000000 492.986161
61.000000 483.580131
62.000000 545.889915
63.000000 558.531594
64.000000 560.335456
65.000000 582.359592
66.000000 532.889011
67.000000 449.258785
68.000000 392.529436
69.000000 402.045363
70.000000 468.624884
71.000000 551.447363
72.000000 593.519198
73.000000 562.810688
74.000000 558.325044
75.000000 571.010148
76.000000 562.192885
77.000000 506.706873
78.000000 546.055766
79.000000 627.968364
80.000000 653.320689
81.000000 604.011636
82.000000 586.775193
83.000000 616.905902
84.000000 610.767577
85.000000 602.561588
86.000000 606.235434
87.000000 625.333592
88.000000 662.818621
89.000000 635.378535
90.000000 580.084095
91.000000 518.246260
92.000000 451.962057
93.000000 394.928310
94.000000 329.391363
95.000000 266.095039
96.000000 236.567703
97.000000 262.201988
98.000000 323.455019
99.000000 389.680705
100.000000 447.136075
101.000000 512.340150
102.000000 574.647868
103.000000 630.447621
104.000000 651.210515
105.000000 614.012277
106.000000 885.539692
107.000000 879.571666
108.000000 901.921942
109.000000 878.124554
110.000000 870.439606
111.000000 933.920094
112.000000 926.984353
113.000000 849.144884
114.000000 825.161810
115.000000 884.725154
116.000000 983.841387
117.000000 1045.954792
118.000000 991.687199
119.000000 898.469906
120.000000 811.058996
121.000000 763.580279
122.000000 775.781620
123.000000 842.579384
124.000000 936.423177
125.000000 1027.113013
126.000000 1090.212326
127.000000 1121.432415
128.000000 1137.226382
129.000000 1129.025444
130.000000 1116.360653
131.000000 1090.553674
132.000000 1045.265039
133.000000 977.174172
134.000000 897.878934
135.000000 814.271984
136.000000 826.901728
137.000000 772.424755
138.000000 751.583961
139.000000 767.756546
140.000000 818.342075
141.000000 894.432224
142.000000 980.334339
143.000000 1071.939044
144.000000 1144.339659
145.000000 1192.973128
146.000000 1220.900547
147.000000 1234.666924
148.000000 1243.579853
149.000000 1243.579853
150.000000 1243.579853
151.000000 1243.579853
152.000000 1243.579853
153.000000 1243.579853
154.000000 1243.579853
155.000000 1243.579853
156.000000 1243.579853
157.000000 1243.579853
158.000000 1243.579853
159.000000 1243.579853
160.000000 1243.579853
161.000000 1243.579853
162.000000 1243.579853
163.000000 1243.579853
164.000000 1243.579853
165.000000 1243.579853
166.000000 1344.768984
167.000000 1341.516249
168.000000 1334.886996
169.000000 1322.449968
170.000000 1301.010280
171.000000 1265.584257
172.000000 1213.939963
173.000000 1145.704135
174.000000 1063.603198
175.000000 974.346798
176.000000 894.350273
177.000000 830.708346
178.000000 777.636848
179.000000 744.590327
180.000000 733.420286
181.000000 744.590327
182.000000 777.636848
183.000000 830.708346
184.000000 894.350273
185.000000 974.346798
186.000000 1063.603198
187.000000 1145.704135
188.000000 1213.939963
189.000000 1265.584257
190.000000 1301.010280
191.000000 1322.449968
192.000000 1334.886996
193.000000 1341.516249
194.000000 1344.768984
195.000000 1347.219697
196.000000 1440.740395
197.000000 1440.740395
198.000000 1440.740395
199.000000 1440.740395
200.000000 1440.740395
201.000000 1440.740395
202.000000 1440.740395
203.000000 1440.740395
204.000000 1440.740395
205.000000 1440.740395
206.000000 1440.740395
207.000000 1440.740395
208.000000 1440.740395
209.000000 1440.740395
210.000000 1440.740395
211.000000 1440.740395
212.000000 1440.740395
213.000000 1440.740395
214.000000 1440.740395
215.000000 1440.740395
216.000000 1440.740395
217.000000 1440.740395
218.000000 1434.718951
219.000000 1425.408231
220.000000 1406.019191
221.000000 1370.725624
222.000000 1314.747632
223.000000 1234.601427
224.000000 1138.194990
225.000000 1040.257017
226.000000 852.094635
227.000000 803.312181
228.000000 785.824780
229.000000 801.716111
230.000000 849.100964
231.000000 921.504473
232.000000 1010.585998
233.000000 1105.058670
234.000000 1185.605965
235.000000 1245.050348
236.000000 1283.238691
237.000000 1304.242009
238.000000 1314.263753
239.000000 1321.033902
240.000000 1321.033902
241.000000 1321.033902
242.000000 1321.033902
243.000000 1321.033902
244.000000 1321.033902
245.000000 1321.033902
246.000000 1321.033902
247.000000 1321.033902
248.000000 1321.033902
249.000000 1321.033902
250.000000 1321.033902
251.000000 1321.033902
252.000000 1321.033902
253.000000 1321.033902
254.000000 1321.033902
255.000000 1321.033902
256.000000 1231.762800
257.000000 1231.762800
258.000000 1231.762800
259.000000 1231.762800
260.000000 1231.762800
261.000000 1231.762800
262.000000 1231.762800
263.000000 1225.568189
264.000000 1218.525661
265.000000 1205.447842
266.000000 1183.094975
267.000000 1147.994496
268.000000 1097.458390
269.000000 1030.897291
270.000000 953.468290
271.000000 874.327170
272.000000 796.131943
273.000000 733.699080
274.000000 682.898003
275.000000 656.132828
276.000000 646.646085
277.000000 654.871434
278.000000 680.437178
279.000000 729.379762
280.000000 790.798586
281.000000 868.610018
282.000000 947.953686
283.000000 1025.574272
284.000000 1093.222870
285.000000 1144.917458
286.000000 1447.669281
287.000000 1469.077517
288.000000 1481.331138
289.000000 1487.760355
290.000000 1490.858260
291.000000 1493.111985
292.000000 1493.111985
293.000000 1493.111985
294.000000 1493.111985
295.000000 1493.111985
296.000000 1493.111985
297.000000 1493.111985
298.000000 1493.111985
299.000000 1493.111985
300.000000 1493.111985
301.000000 1493.111985
302.000000 1493.111985
303.000000 1493.111985
304.000000 1493.111985
305.000000 1493.111985
306.000000 1493.111985
307.000000 1493.111985
308.000000 1493.111985
309.000000 1485.925601
310.000000 1473.915082
311.000000 1448.467948
312.000000 1402.527836
313.000000 1332.155646
314.000000 1238.312741
315.000000 1137.789409
316.000000 1233.898322
317.000000 1171.589561
318.000000 1150.774141
319.000000 1174.514339
320.000000 1239.292472
321.000000 1331.894421
322.000000 1430.772364
323.000000 1522.904181
324.000000 1592.423474
325.000000 1625.985331
326.000000 1643.090180
327.000000 1650.822717
328.000000 1655.121726
329.000000 1646.392160
330.000000 1625.828423
331.000000 1573.549456
332.000000 1473.241803
333.000000 1360.401768
334.000000 1278.641458
335.000000 1263.487656
336.000000 1323.266731
337.000000 1429.243576
338.000000 1538.293534
339.000000 1595.437091
340.000000 1526.362905
341.000000 1406.054323
342.000000 1332.932576
343.000000 1363.259348
344.000000 1462.547677
345.000000 1469.680373
346.000000 796.628311
347.000000 803.676692
348.000000 827.905254
349.000000 806.239291
350.000000 811.005461
351.000000 796.277715
352.000000 776.857377
353.000000 763.071392
354.000000 761.710696
355.000000 691.175864
356.000000 614.807348
357.000000 530.105450
358.000000 437.496799
359.000000 347.119574
