0.000000 50279.014059
1.000000 52141.382489
2.000000 56141.531245
3.000000 60098.197957
4.000000 63741.248953
5.000000 67237.882778
6.000000 70306.277918
7.000000 72701.902723
8.000000 74471.624678
9.000000 75610.466300
10.000000 76215.513006
11.000000 76298.002142
12.000000 76356.003300
13.000000 76226.562872
14.000000 75069.536150
15.000000 75364.617479
16.000000 65603.496063
17.000000 65083.812006
18.000000 63188.533755
19.000000 61979.469022
20.000000 63247.876940
21.000000 65135.820134
22.000000 65800.703083
23.000000 65833.245592
24.000000 65307.862349
25.000000 63752.948196
26.000000 61243.624762
27.000000 58690.365173
28.000000 58054.796694
29.000000 59999.894458
30.000000 62738.763336
31.000000 64815.174530
32.000000 65874.909379
33.000000 66111.876133
34.000000 65458.348809
35.000000 64093.465025
36.000000 64048.743460
37.000000 65517.894683
38.000000 66186.752193
39.000000 66078.318066
40.000000 66275.829060
41.000000 66031.909292
42.000000 65147.078929
43.000000 63513.415032
44.000000 61266.953653
45.000000 58533.513144
46.000000 53418.783229
47.000000 50727.232840
48.000000 49308.040266
49.000000 50433.654186
50.000000 53052.867868
51.000000 55898.703370
52.000000 58610.052205
53.000000 60894.316719
54.000000 62579.979617
55.000000 63565.491118
56.000000 63944.261461
57.000000 63847.945950
58.000000 63946.794591
59.000000 63469.360166
60.000000 62096.103520
61.000000 61920.709122
62.000000 63161.509115
63.000000 63968.750007
64.000000 63829.090020
65.000000 62929.788699
66.000000 60931.251733
67.000000 58409.015804
68.000000 56602.366598
69.000000 56856.516510
70.000000 58950.881386
71.000000 61459.324046
72.000000 63248.868467
73.000000 63874.938936
74.000000 63967.399331
75.000000 63491.564122
76.000000 64619.117751
77.000000 63355.780377
78.000000 64172.232087
79.000000 66059.678415
80.000000 66907.762378
81.000000 66251.166270
82.000000 66053.502388
83.000000 66771.328143
84.000000 66995.447640
85.000000 66917.704432
86.000000 66875.371686
87.000000 66384.363633
88.000000 65419.575730
89.000000 63792.390424
90.000000 61374.645802
91.000000 58601.911746
92.000000 55665.902625
93.000000 52754.429501
94.000000 49581.344925
95.000000 46604.534024
96.000000 45043.544797
97.000000 46294.211981
98.000000 49187.519495
99.000000 52375.184207
100.000000 55301.704031
101.000000 58255.105206
102.000000 61049.322462
103.000000 63483.160587
104.000000 65138.792548
105.000000 66141.898049
106.000000 81483.444532
107.000000 81477.863600
108.000000 81578.613745
109.000000 80780.871220
110.000000 80566.217988
111.000000 82841.155741
112.000000 82233.797556
113.000000 80595.090103
114.000000 80024.923838
115.000000 81232.845921
116.000000 82144.474266
117.000000 82430.948404
118.000000 81742.578737
119.000000 79769.994653
120.000000 77288.991704
121.000000 75614.085573
122.000000 76026.766984
123.000000 78152.806411
124.000000 80556.063355
125.000000 82019.548743
126.000000 82172.630943
127.000000 80973.906296
128.000000 81202.731148
129.000000 80835.602268
130.000000 81615.712290
131.000000 81383.352202
132.000000 81002.771700
133.000000 79711.234050
134.000000 77575.105096
135.000000 74780.023689
136.000000 75459.177547
137.000000 72347.525087
138.000000 70779.082022
139.000000 72307.840480
140.000000 75410.393482
141.000000 78648.820853
142.000000 85849.423019
143.000000 86997.128331
144.000000 87391.403068
145.000000 87116.013077
146.000000 87148.829477
147.000000 85983.868391
148.000000 84789.491011
149.000000 85368.961833
150.000000 87254.700279
151.000000 87219.453409
152.000000 86812.127695
153.000000 81603.967800
154.000000 79020.330293
155.000000 78422.770621
156.000000 80472.360386
157.000000 84319.713669
158.000000 87248.327513
159.000000 87211.390877
160.000000 87386.014635
161.000000 84401.127321
162.000000 82811.771756
163.000000 83505.030035
164.000000 87199.137664
165.000000 87410.393232
166.000000 90753.736050
167.000000 91026.886374
168.000000 91772.393869
169.000000 91499.242466
170.000000 91816.295228
171.000000 91698.502663
172.000000 91495.188087
173.000000 90954.569402
174.000000 90060.072962
175.000000 88704.730517
176.000000 87045.787509
177.000000 71415.179633
178.000000 67244.602774
179.000000 63088.624865
180.000000 61174.878829
181.000000 63076.580103
182.000000 67230.449725
183.000000 71402.444219
184.000000 87040.776442
185.000000 88702.365283
186.000000 90099.215928
187.000000 91014.652505
188.000000 91565.398279
189.000000 91803.884080
190.000000 91879.380467
191.000000 91660.296313
192.000000 91636.182051
193.000000 91756.305384
194.000000 90657.294701
195.000000 90970.787772
196.000000 95884.644208
197.000000 95605.371677
198.000000 94024.999956
199.000000 92925.923471
200.000000 94087.762460
201.000000 95629.860680
202.000000 95859.544633
203.000000 95855.126995
204.000000 95916.296485
205.000000 95051.614102
206.000000 93285.203678
207.000000 91281.689216
208.000000 90705.986582
209.000000 92357.099851
210.000000 94348.598847
211.000000 95684.597294
212.000000 96070.040549
213.000000 96102.998755
214.000000 95696.687229
215.000000 94345.777927
216.000000 94292.927819
217.000000 95668.402680
218.000000 96134.092558
219.000000 95741.527500
220.000000 96204.434425
221.000000 96268.145982
222.000000 96048.383568
223.000000 95328.346505
224.000000 94067.148507
225.000000 92384.146249
226.000000 76912.923022
227.000000 73836.667316
228.000000 72215.977917
229.000000 73499.702232
230.000000 76486.885733
231.000000 86762.336322
232.000000 88889.538730
233.000000 90205.799692
234.000000 90994.240364
235.000000 91273.025808
236.000000 91293.535448
237.000000 90889.281006
238.000000 91175.218844
239.000000 90905.320282
240.000000 89647.664491
241.000000 89474.117043
242.000000 90696.907196
243.000000 91286.289102
244.000000 91248.542652
245.000000 90984.000002
246.000000 89701.428817
247.000000 86236.091990
248.000000 82046.485510
249.000000 82293.478156
250.000000 88285.987497
251.000000 90069.052300
252.000000 91175.381467
253.000000 91200.713925
254.000000 91179.493476
255.000000 91094.977239
256.000000 84577.446075
257.000000 83490.988702
258.000000 84185.997225
259.000000 87112.325808
260.000000 87652.788737
261.000000 86828.801587
262.000000 86540.725055
263.000000 87366.645331
264.000000 87431.979790
265.000000 87358.465393
266.000000 87602.495392
267.000000 87467.431076
268.000000 87455.958886
269.000000 86891.283606
270.000000 78880.102877
271.000000 75720.682927
272.000000 72369.994331
273.000000 69046.678885
274.000000 65475.982529
275.000000 62205.320736
276.000000 60500.665297
277.000000 61866.300456
278.000000 65039.630454
279.000000 68617.014052
280.000000 71956.252616
281.000000 75326.938345
282.000000 78513.443902
283.000000 86739.881603
284.000000 87321.932662
285.000000 87344.468691
286.000000 98570.298638
287.000000 98264.273618
288.000000 98487.788476
289.000000 97802.948304
290.000000 97523.782189
291.000000 98368.882152
292.000000 98099.408990
293.000000 96530.985529
294.000000 95899.911879
295.000000 97195.631253
296.000000 98384.968060
297.000000 98359.246717
298.000000 98293.210532
299.000000 97216.868110
300.000000 95258.175940
301.000000 93626.210937
302.000000 94058.635390
303.000000 95990.021524
304.000000 97699.034627
305.000000 98328.912259
306.000000 98345.553937
307.000000 97346.894703
308.000000 96738.070927
309.000000 97847.925475
310.000000 98281.128078
311.000000 98197.256318
312.000000 98314.349243
313.000000 97860.227145
314.000000 96817.160985
315.000000 95197.521070
316.000000 100632.393201
317.000000 98233.261764
318.000000 96716.228641
319.000000 98206.766382
320.000000 100609.439663
321.000000 102728.091299
322.000000 104386.082777
323.000000 105457.778014
324.000000 105905.545629
325.000000 105708.404945
326.000000 105795.698448
327.000000 105364.144095
328.000000 104079.684883
329.000000 104756.120613
330.000000 105766.082145
331.000000 105767.535453
332.000000 105116.939945
333.000000 103419.361251
334.000000 101180.569897
335.000000 100564.169358
336.000000 102517.761276
337.000000 104568.724873
338.000000 105582.394470
339.000000 105632.422993
340.000000 105607.635487
341.000000 104504.099711
342.000000 102861.341802
343.000000 103618.445033
344.000000 105345.754183
345.000000 105583.767056
346.000000 75131.574673
347.000000 75438.584753
348.000000 76230.234300
349.000000 76107.433906
350.000000 76072.195033
351.000000 75463.696392
352.000000 74360.665490
353.000000 72622.172177
354.000000 70262.307798
355.000000 67241.517697
356.000000 63751.719568
357.000000 60109.564006
358.000000 56154.831410
359.000000 52152.397176
