0.000000 541.071420
1.000000 582.611365
2.000000 655.573906
3.000000 716.715198
4.000000 770.607222
5.000000 820.077165
6.000000 859.525004
7.000000 860.889930
8.000000 864.531992
9.000000 876.307451
10.000000 882.258469
11.000000 881.618546
12.000000 886.416167
13.000000 889.666856
14.000000 845.071369
15.000000 854.724830
16.000000 750.946433
17.000000 752.696865
18.000000 723.300572
19.000000 694.693573
20.000000 723.171824
21.000000 742.763409
22.000000 749.549248
23.000000 753.348020
24.000000 749.511238
25.000000 749.737951
26.000000 710.485332
27.000000 646.299511
28.000000 627.319758
29.000000 682.290813
30.000000 737.456314
31.000000 746.749397
32.000000 750.363721
33.000000 746.825055
34.000000 737.324425
35.000000 713.782507
36.000000 713.880321
37.000000 742.598770
38.000000 743.070783
39.000000 731.161304
40.000000 753.155838
41.000000 753.315104
42.000000 743.108391
43.000000 728.724657
44.000000 723.656696
45.000000 687.966179
46.000000 610.249668
47.000000 550.930426
48.000000 511.665896
49.000000 544.653262
50.000000 605.356568
51.000000 657.565565
52.000000 702.261353
53.000000 724.627566
54.000000 718.522472
55.000000 723.440959
56.000000 730.085768
57.000000 724.802203
58.000000 739.602671
59.000000 736.763159
60.000000 691.705075
61.000000 685.586616
62.000000 726.151536
63.000000 733.604766
64.000000 734.704535
65.000000 750.132253
66.000000 718.776044
67.000000 663.192328
68.000000 615.419301
69.000000 623.386167
70.000000 677.261397
71.000000 730.846965
72.000000 757.448328
73.000000 736.344771
74.000000 733.347952
75.000000 742.525408
76.000000 736.553216
77.000000 699.844795
78.000000 725.928466
79.000000 780.434063
80.000000 796.256433
81.000000 762.703604
82.000000 751.111574
83.000000 771.028289
84.000000 767.350786
85.000000 761.884305
86.000000 764.150509
87.000000 777.175403
88.000000 803.014446
89.000000 785.593226
90.000000 749.266208
91.000000 709.467971
92.000000 666.677881
93.000000 620.255925
94.000000 568.042974
95.000000 513.835520
96.000000 481.928256
97.000000 509.604809
98.000000 563.329041
99.000000 616.016523
100.000000 662.687218
101.000000 705.676350
102.000000 745.705850
103.000000 782.284349
104.000000 794.981407
105.000000 769.489463
106.000000 954.133375
107.000000 924.458133
108.000000 931.433232
109.000000 918.641355
110.000000 914.876962
111.000000 1023.986061
112.000000 1022.604999
113.000000 993.171306
114.000000 984.752806
115.000000 1005.602896
116.000000 1038.590947
117.000000 1056.300516
118.000000 1042.452879
119.000000 1014.883383
120.000000 986.794586
121.000000 971.582332
122.000000 975.456711
123.000000 996.994082
124.000000 1026.618615
125.000000 1050.644385
126.000000 1063.059364
127.000000 1067.243003
128.000000 1068.326285
129.000000 1067.867884
130.000000 1066.645274
131.000000 1063.216366
132.000000 1055.421256
133.000000 1041.131331
134.000000 1020.148467
135.000000 996.057837
136.000000 1024.872331
137.000000 1009.307922
138.000000 1003.557022
139.000000 1008.007712
140.000000 1022.388383
141.000000 1044.708499
142.000000 1069.924485
143.000000 1092.542989
144.000000 1108.346847
145.000000 1117.173318
146.000000 1121.141272
147.000000 1122.584727
148.000000 1123.138489
149.000000 1123.138489
150.000000 1123.138489
151.000000 1123.138489
152.000000 1123.138489
153.000000 1123.138489
154.000000 1123.138489
155.000000 1123.138489
156.000000 1123.138489
157.000000 1123.138489
158.000000 1123.138489
159.000000 1123.138489
160.000000 1123.138489
161.000000 1123.138489
162.000000 1123.138489
163.000000 1123.138489
164.000000 1123.138489
165.000000 1123.138489
166.000000 1177.765929
167.000000 1177.480910
168.000000 1176.760560
169.000000 1175.123199
170.000000 1171.783374
171.000000 1165.684214
172.000000 1155.737817
173.000000 1141.295813
174.000000 1122.690902
175.000000 1101.517351
176.000000 1080.348540
177.000000 1062.768222
178.000000 1049.172640
179.000000 1041.029045
180.000000 1038.351231
181.000000 1041.029045
182.000000 1049.172640
183.000000 1062.768222
184.000000 1080.348540
185.000000 1101.517351
186.000000 1122.690902
187.000000 1141.295813
188.000000 1155.737817
189.000000 1165.684214
190.000000 1171.783374
191.000000 1175.123199
192.000000 1176.760560
193.000000 1177.480910
194.000000 1177.765929
195.000000 1177.913130
196.000000 1228.493284
197.000000 1228.493284
198.000000 1228.493284
199.000000 1228.493284
200.000000 1228.493284
201.000000 1228.493284
202.000000 1228.493284
203.000000 1228.493284
204.000000 1228.493284
205.000000 1228.493284
206.000000 1228.493284
207.000000 1228.493284
208.000000 1228.493284
209.000000 1228.493284
210.000000 1228.493284
211.000000 1228.493284
212.000000 1228.493284
213.000000 1228.493284
214.000000 1228.493284
215.000000 1228.493284
216.000000 1228.493284
217.000000 1228.493284
218.000000 1228.066143
219.000000 1227.025859
220.000000 1224.199269
221.000000 1217.776344
222.000000 1205.618636
223.000000 1186.542791
224.000000 1161.895498
225.000000 1135.921105
226.000000 1053.880386
227.000000 1040.443027
228.000000 1035.789432
229.000000 1040.014102
230.000000 1053.040361
231.000000 1073.692818
232.000000 1098.445667
233.000000 1122.218746
234.000000 1140.849876
235.000000 1152.879827
236.000000 1159.322069
237.000000 1162.197734
238.000000 1163.272032
239.000000 1163.722543
240.000000 1163.722543
241.000000 1163.722543
242.000000 1163.722543
243.000000 1163.722543
244.000000 1163.722543
245.000000 1163.722543
246.000000 1163.722543
247.000000 1163.722543
248.000000 1163.722543
249.000000 1163.722543
250.000000 1163.722543
251.000000 1163.722543
252.000000 1163.722543
253.000000 1163.722543
254.000000 1163.722543
255.000000 1163.722543
256.000000 1117.047920
257.000000 1117.047920
258.000000 1117.047920
259.000000 1117.047920
260.000000 1117.047920
261.000000 1117.047920
262.000000 1117.047920
263.000000 1116.638354
264.000000 1115.956793
265.000000 1114.407949
266.000000 1111.247717
267.000000 1105.471876
268.000000 1096.040622
269.000000 1082.322436
270.000000 1064.609605
271.000000 1044.392639
272.000000 1024.105284
273.000000 1007.172308
274.000000 993.997704
275.000000 986.018341
276.000000 983.271110
277.000000 985.650359
278.000000 993.251658
279.000000 1006.069748
280.000000 1022.724294
281.000000 1042.913111
282.000000 1063.223194
283.000000 1081.178504
284.000000 1095.205479
285.000000 1104.930278
286.000000 1250.245144
287.000000 1253.779765
288.000000 1255.510422
289.000000 1256.270322
290.000000 1256.570181
291.000000 1256.724229
292.000000 1256.724229
293.000000 1256.724229
294.000000 1256.724229
295.000000 1256.724229
296.000000 1256.724229
297.000000 1256.724229
298.000000 1256.724229
299.000000 1256.724229
300.000000 1256.724229
301.000000 1256.724229
302.000000 1256.724229
303.000000 1256.724229
304.000000 1256.724229
305.000000 1256.724229
306.000000 1256.724229
307.000000 1256.724229
308.000000 1256.724229
309.000000 1256.181556
310.000000 1254.723253
311.000000 1250.630123
312.000000 1241.354041
313.000000 1224.466589
314.000000 1199.939102
315.000000 1172.230445
316.000000 1239.640861
317.000000 1222.517399
318.000000 1216.968854
319.000000 1223.305321
320.000000 1241.149424
321.000000 1267.857363
322.000000 1297.158599
323.000000 1322.554341
324.000000 1339.676588
325.000000 1348.879376
326.000000 1352.849036
327.000000 1354.229938
328.000000 1354.727335
329.000000 1353.586770
330.000000 1348.887784
331.000000 1334.357021
332.000000 1305.411425
333.000000 1269.141299
334.000000 1242.715568
335.000000 1238.091747
336.000000 1256.956950
337.000000 1291.530971
338.000000 1324.905856
339.000000 1341.270566
340.000000 1319.705181
341.000000 1279.177251
342.000000 1253.506842
343.000000 1264.161720
344.000000 1300.823910
345.000000 1302.296829
346.000000 875.460707
347.000000 878.965847
348.000000 892.103962
349.000000 881.000877
350.000000 883.482974
351.000000 875.595434
352.000000 864.461090
353.000000 856.046147
354.000000 856.541637
355.000000 820.077165
356.000000 770.607222
357.000000 716.715198
358.000000 655.573906
359.000000 582.611365
