0.000000 31146.663707
1.000000 33938.333873
2.000000 40733.987527
3.000000 48109.554912
4.000000 55194.797114
5.000000 62087.111771
6.000000 68143.682052
7.000000 72801.605830
8.000000 76137.503994
9.000000 78210.761536
10.000000 79277.013979
11.000000 79362.473073
12.000000 79429.984603
13.000000 79188.442046
14.000000 76974.682028
15.000000 77539.682323
16.000000 59264.497497
17.000000 58259.781287
18.000000 54704.705204
19.000000 52492.622054
20.000000 54813.575076
21.000000 58357.765491
22.000000 59641.909755
23.000000 59699.422676
24.000000 58667.841372
25.000000 55667.916617
26.000000 50934.132047
27.000000 46305.824251
28.000000 45194.333520
29.000000 48651.018022
30.000000 53737.020487
31.000000 57706.198293
32.000000 59756.266944
33.000000 60219.067701
34.000000 58974.632316
35.000000 56439.672035
36.000000 56357.940522
37.000000 59084.275917
38.000000 60357.595325
39.000000 60166.485222
40.000000 60520.382306
41.000000 60035.017151
42.000000 58306.360812
43.000000 55135.820780
44.000000 50813.149264
45.000000 45661.655780
46.000000 36495.704909
47.000000 32146.764994
48.000000 30080.487780
49.000000 31702.947282
50.000000 35877.544746
51.000000 40843.752657
52.000000 45833.903453
53.000000 50171.920279
54.000000 53431.746500
55.000000 55363.155156
56.000000 56126.272345
57.000000 55985.552769
58.000000 56155.308527
59.000000 55250.015618
60.000000 52727.423338
61.000000 52410.350394
62.000000 54671.724572
63.000000 56187.310184
64.000000 55908.189480
65.000000 54159.284259
66.000000 50371.046793
67.000000 45753.529672
68.000000 42594.448894
69.000000 43029.071771
70.000000 46727.525535
71.000000 51359.423094
72.000000 54771.553472
73.000000 56007.715541
74.000000 56197.296156
75.000000 55277.628794
76.000000 57418.528876
77.000000 55097.887761
78.000000 56593.273083
79.000000 60109.018897
80.000000 61725.201388
81.000000 60519.293687
82.000000 60159.770575
83.000000 61489.941609
84.000000 61901.454296
85.000000 61745.631193
86.000000 61645.063397
87.000000 60683.163291
88.000000 58787.294532
89.000000 55582.655639
90.000000 50876.220553
91.000000 45559.245789
92.000000 40065.308823
93.000000 34864.674389
94.000000 29612.969123
95.000000 25283.019147
96.000000 23312.302872
97.000000 24872.485202
98.000000 29002.505963
99.000000 34210.804699
100.000000 39398.350877
101.000000 44901.433247
102.000000 50247.968012
103.000000 54983.835367
104.000000 58247.946801
105.000000 60221.260251
106.000000 86992.024101
107.000000 86982.725170
108.000000 87227.544945
109.000000 85962.098994
110.000000 85348.395975
111.000000 86717.172267
112.000000 85617.527604
113.000000 81736.149018
114.000000 80213.607825
115.000000 83362.623546
116.000000 86479.137915
117.000000 86823.042933
118.000000 85634.131943
119.000000 81873.173879
120.000000 76073.080627
121.000000 71748.763476
122.000000 72831.337870
123.000000 78198.562077
124.000000 83444.751190
125.000000 86144.452395
126.000000 86458.707838
127.000000 84235.184561
128.000000 83097.369540
129.000000 85322.773594
130.000000 86612.171723
131.000000 86406.212962
132.000000 85607.482500
133.000000 83101.998460
134.000000 78802.399392
135.000000 72933.592392
136.000000 73059.668554
137.000000 65876.087791
138.000000 62259.130752
139.000000 65819.600849
140.000000 72992.518035
141.000000 80164.068079
142.000000 86050.343249
143.000000 90332.849814
144.000000 92727.037872
145.000000 93249.488146
146.000000 93370.123279
147.000000 92064.651505
148.000000 89522.804936
149.000000 90720.123308
150.000000 92943.254977
151.000000 92696.158574
152.000000 90002.582129
153.000000 84807.082717
154.000000 78702.004959
155.000000 77229.874399
156.000000 82244.485903
157.000000 88227.473780
158.000000 91788.308699
159.000000 92926.356418
160.000000 92381.777242
161.000000 89353.317527
162.000000 85565.778337
163.000000 87292.782392
164.000000 91485.355080
165.000000 92434.781658
166.000000 97684.842085
167.000000 98325.069840
168.000000 100046.725544
169.000000 99791.196946
170.000000 99959.829479
171.000000 99029.132880
172.000000 97175.096578
173.000000 93948.458477
174.000000 89217.253906
175.000000 82761.632998
176.000000 75038.397653
177.000000 66747.107766
178.000000 57708.607112
179.000000 48906.637287
180.000000 45064.099599
181.000000 48881.135572
182.000000 57677.972746
183.000000 66720.503326
184.000000 75014.332835
185.000000 82749.739044
186.000000 89303.349539
187.000000 94110.067346
188.000000 97385.575303
189.000000 99296.973879
190.000000 100222.150326
191.000000 100152.678528
192.000000 100168.992368
193.000000 99969.360590
194.000000 97489.736146
195.000000 98142.395519
196.000000 106725.471872
197.000000 105647.128171
198.000000 101195.381036
199.000000 98261.299927
200.000000 101349.918493
201.000000 105722.174140
202.000000 107031.809248
203.000000 107094.397685
204.000000 106311.296523
205.000000 103003.467625
206.000000 97125.168085
207.000000 90836.199239
208.000000 89203.852790
209.000000 94115.244205
210.000000 100656.115966
211.000000 105292.644048
212.000000 107319.830115
213.000000 107681.079717
214.000000 106235.194851
215.000000 102852.505603
216.000000 102732.009168
217.000000 106251.844277
218.000000 107736.339189
219.000000 107264.459972
220.000000 107991.920020
221.000000 107777.865825
222.000000 106208.477492
223.000000 102890.606100
224.000000 97795.053085
225.000000 91134.144448
226.000000 75227.414009
227.000000 68083.518665
228.000000 64318.528490
229.000000 67312.505978
230.000000 74266.419492
231.000000 81695.909213
232.000000 88535.369675
233.000000 94026.629311
234.000000 97755.810621
235.000000 99702.774008
236.000000 100294.960894
237.000000 99795.172278
238.000000 100138.708514
239.000000 99050.418233
240.000000 95711.655561
241.000000 95268.475367
242.000000 98412.570142
243.000000 100312.297417
244.000000 100057.411207
245.000000 98260.458727
246.000000 93664.482307
247.000000 87544.345295
248.000000 82992.742445
249.000000 83650.281407
250.000000 88885.977807
251.000000 94918.407404
252.000000 98992.706243
253.000000 100117.553366
254.000000 100236.037265
255.000000 99283.982250
256.000000 88923.222866
257.000000 86038.645094
258.000000 87913.183523
259.000000 92168.491098
260.000000 94001.405389
261.000000 92392.893285
262.000000 91813.039258
263.000000 93612.148018
264.000000 94064.387364
265.000000 93928.475935
266.000000 94066.242074
267.000000 93241.707185
268.000000 91408.831188
269.000000 87937.526431
270.000000 82448.521524
271.000000 75887.526933
272.000000 68708.794055
273.000000 61471.488248
274.000000 53653.826843
275.000000 46629.689942
276.000000 43142.254043
277.000000 45924.012669
278.000000 52702.495009
279.000000 60525.262450
280.000000 67803.695561
281.000000 75046.766830
282.000000 81691.642532
283.000000 87258.187112
284.000000 90819.836577
285.000000 92761.766004
286.000000 111629.519190
287.000000 111413.921395
288.000000 111695.625769
289.000000 110304.990506
290.000000 109658.652067
291.000000 111213.199804
292.000000 110183.903590
293.000000 106148.424010
294.000000 104530.059502
295.000000 107852.625110
296.000000 111049.071641
297.000000 111334.702704
298.000000 110360.246588
299.000000 106682.441046
300.000000 100668.757975
301.000000 95966.033970
302.000000 97163.638231
303.000000 102901.476166
304.000000 108242.883834
305.000000 110781.492245
306.000000 111019.143367
307.000000 108632.730738
308.000000 107324.086326
309.000000 109790.298529
310.000000 111094.324844
311.000000 110938.785363
312.000000 110414.088953
313.000000 108156.718632
314.000000 103971.601742
315.000000 97906.006993
316.000000 102826.705820
317.000000 94843.711601
318.000000 90515.753001
319.000000 94763.729929
320.000000 102744.883351
321.000000 110159.191368
322.000000 115857.817976
323.000000 119687.415250
324.000000 121619.964281
325.000000 121788.323106
326.000000 121888.249237
327.000000 120674.296136
328.000000 117985.336618
329.000000 119331.115398
330.000000 121602.305411
331.000000 121477.783037
332.000000 119158.834437
333.000000 114188.083956
334.000000 107932.559519
335.000000 106337.270414
336.000000 111611.362127
337.000000 117508.563229
338.000000 120727.486793
339.000000 121548.364147
340.000000 121128.993261
341.000000 118235.549948
342.000000 114380.914552
343.000000 116153.637565
344.000000 120320.256272
345.000000 121138.986134
346.000000 77116.725652
347.000000 77697.669647
348.000000 79231.589333
349.000000 79015.186661
350.000000 79016.737618
351.000000 77946.163713
352.000000 75932.285988
353.000000 72651.002186
354.000000 68065.101556
355.000000 62096.675831
356.000000 55215.634586
357.000000 48131.570213
358.000000 40757.905392
359.000000 33955.544434
