0.000000 230.284571
1.000000 290.657783
2.000000 414.042618
3.000000 530.009787
4.000000 636.366448
5.000000 735.298271
6.000000 815.902440
7.000000 824.218588
8.000000 830.838127
9.000000 853.064431
10.000000 866.017880
11.000000 865.783725
12.000000 874.323409
13.000000 877.985306
14.000000 792.303231
15.000000 811.234596
16.000000 610.406135
17.000000 612.880047
18.000000 556.777794
19.000000 504.480319
20.000000 556.516289
21.000000 594.201975
22.000000 607.907291
23.000000 615.488833
24.000000 607.777443
25.000000 605.106097
26.000000 527.943788
27.000000 411.239313
28.000000 378.620904
29.000000 475.584060
30.000000 580.502483
31.000000 601.698093
32.000000 609.161979
33.000000 602.224398
34.000000 583.540403
35.000000 539.666341
36.000000 539.944186
37.000000 593.469142
38.000000 594.738449
39.000000 572.593869
40.000000 613.819948
41.000000 614.272613
42.000000 593.355667
43.000000 565.717524
44.000000 553.302158
45.000000 483.738956
46.000000 345.220009
47.000000 250.841195
48.000000 196.967823
49.000000 241.758314
50.000000 336.832202
51.000000 428.957046
52.000000 512.401144
53.000000 557.216285
54.000000 548.473227
55.000000 558.138329
56.000000 571.596903
57.000000 563.068073
58.000000 589.890476
59.000000 581.956803
60.000000 498.613076
61.000000 487.590167
62.000000 562.055673
63.000000 578.517284
64.000000 581.035733
65.000000 607.001465
66.000000 545.258744
67.000000 442.468660
68.000000 359.807490
69.000000 373.180569
70.000000 467.855905
71.000000 568.193310
72.000000 621.179063
73.000000 584.454219
74.000000 578.797174
75.000000 593.146645
76.000000 581.401056
77.000000 514.025583
78.000000 561.670329
79.000000 664.056539
80.000000 696.926857
81.000000 635.713211
82.000000 614.249006
83.000000 651.025185
84.000000 643.804414
85.000000 633.282597
86.000000 637.422565
87.000000 661.463807
88.000000 707.086845
89.000000 670.922353
90.000000 599.865053
91.000000 522.855089
92.000000 442.022217
93.000000 358.546517
94.000000 272.580221
95.000000 196.387988
96.000000 158.436320
97.000000 191.031637
98.000000 265.369083
99.000000 351.236809
100.000000 434.693382
101.000000 515.655218
102.000000 592.987422
103.000000 664.478250
104.000000 692.221452
105.000000 646.967223
106.000000 945.817474
107.000000 940.345729
108.000000 963.063082
109.000000 939.167257
110.000000 931.617038
111.000000 996.130065
112.000000 988.945189
113.000000 909.269626
114.000000 884.465225
115.000000 945.984300
116.000000 1046.743502
117.000000 1103.237682
118.000000 1053.673993
119.000000 959.519115
120.000000 868.997740
121.000000 819.655338
122.000000 832.338640
123.000000 901.709710
124.000000 998.571893
125.000000 1086.316315
126.000000 1143.965208
127.000000 1172.466522
128.000000 1187.150505
129.000000 1179.429115
130.000000 1167.754383
131.000000 1144.121381
132.000000 1102.629227
133.000000 1039.716899
134.000000 958.047727
135.000000 871.210225
136.000000 884.987103
137.000000 828.319106
138.000000 806.614055
139.000000 823.457758
140.000000 876.094375
141.000000 954.892021
142.000000 1042.572699
143.000000 1126.003282
144.000000 1190.661196
145.000000 1233.443912
146.000000 1257.840312
147.000000 1269.880318
148.000000 1277.784380
149.000000 1277.784380
150.000000 1277.784380
151.000000 1277.784380
152.000000 1277.784380
153.000000 1277.784380
154.000000 1277.784380
155.000000 1277.784380
156.000000 1277.784380
157.000000 1277.784380
158.000000 1277.784380
159.000000 1277.784380
160.000000 1277.784380
161.000000 1277.784380
162.000000 1277.784380
163.000000 1277.784380
164.000000 1277.784380
165.000000 1277.784380
166.000000 1362.246385
167.000000 1359.416308
168.000000 1353.667377
169.000000 1342.884267
170.000000 1324.217927
171.000000 1294.414645
172.000000 1250.589129
173.000000 1191.421599
174.000000 1118.476162
175.000000 1036.963178
176.000000 955.151166
177.000000 889.412057
178.000000 834.248720
179.000000 799.845541
180.000000 788.216466
181.000000 799.845541
182.000000 834.248720
183.000000 889.412057
184.000000 955.151166
185.000000 1036.963178
186.000000 1118.476162
187.000000 1191.421599
188.000000 1250.589129
189.000000 1294.414645
190.000000 1324.217927
191.000000 1342.884267
192.000000 1353.667377
193.000000 1359.416308
194.000000 1362.246385
195.000000 1364.399620
196.000000 1440.555464
197.000000 1440.555464
198.000000 1440.555464
199.000000 1440.555464
200.000000 1440.555464
201.000000 1440.555464
202.000000 1440.555464
203.000000 1440.555464
204.000000 1440.555464
205.000000 1440.555464
206.000000 1440.555464
207.000000 1440.555464
208.000000 1440.555464
209.000000 1440.555464
210.000000 1440.555464
211.000000 1440.555464
212.000000 1440.555464
213.000000 1440.555464
214.000000 1440.555464
215.000000 1440.555464
216.000000 1440.555464
217.000000 1440.555464
218.000000 1435.672745
219.000000 1428.133684
220.000000 1412.349733
221.000000 1383.235955
222.000000 1335.985369
223.000000 1268.836753
224.000000 1186.133298
225.000000 1099.294744
226.000000 911.759112
227.000000 861.151062
228.000000 842.966323
229.000000 859.492062
230.000000 908.659994
231.000000 983.271957
232.000000 1070.639331
233.000000 1155.673246
234.000000 1226.353572
235.000000 1277.327695
236.000000 1309.551790
237.000000 1327.504620
238.000000 1336.337278
239.000000 1342.360891
240.000000 1342.360891
241.000000 1342.360891
242.000000 1342.360891
243.000000 1342.360891
244.000000 1342.360891
245.000000 1342.360891
246.000000 1342.360891
247.000000 1342.360891
248.000000 1342.360891
249.000000 1342.360891
250.000000 1342.360891
251.000000 1342.360891
252.000000 1342.360891
253.000000 1342.360891
254.000000 1342.360891
255.000000 1342.360891
256.000000 1267.901748
257.000000 1267.901748
258.000000 1267.901748
259.000000 1267.901748
260.000000 1267.901748
261.000000 1267.901748
262.000000 1267.901748
263.000000 1262.343707
264.000000 1256.114737
265.000000 1244.594757
266.000000 1224.905889
267.000000 1193.837988
268.000000 1148.656171
269.000000 1088.295323
270.000000 1014.603335
271.000000 932.960740
272.000000 851.566846
273.000000 786.515277
274.000000 731.842678
275.000000 697.502632
276.000000 685.364876
277.000000 695.887619
278.000000 728.680291
279.000000 782.009341
280.000000 846.001410
281.000000 927.028367
282.000000 1008.948300
283.000000 1083.428172
284.000000 1144.843751
285.000000 1191.102879
286.000000 1445.816725
287.000000 1462.676257
288.000000 1472.232988
289.000000 1477.222654
290.000000 1479.622534
291.000000 1481.369611
292.000000 1481.369611
293.000000 1481.369611
294.000000 1481.369611
295.000000 1481.369611
296.000000 1481.369611
297.000000 1481.369611
298.000000 1481.369611
299.000000 1481.369611
300.000000 1481.369611
301.000000 1481.369611
302.000000 1481.369611
303.000000 1481.369611
304.000000 1481.369611
305.000000 1481.369611
306.000000 1481.369611
307.000000 1481.369611
308.000000 1481.369611
309.000000 1475.799963
310.000000 1466.458490
311.000000 1446.457349
312.000000 1409.590294
313.000000 1351.247264
314.000000 1272.692176
315.000000 1186.779619
316.000000 1273.453239
317.000000 1221.061567
318.000000 1203.286425
319.000000 1223.548641
320.000000 1277.928043
321.000000 1354.612971
322.000000 1435.021829
323.000000 1505.660228
324.000000 1556.017769
325.000000 1586.482899
326.000000 1602.253989
327.000000 1609.248286
328.000000 1613.072168
329.000000 1605.247778
330.000000 1586.306752
331.000000 1542.506217
332.000000 1467.879261
333.000000 1377.862200
334.000000 1309.750251
335.000000 1297.343614
336.000000 1346.942670
337.000000 1433.510744
338.000000 1516.901456
339.000000 1558.161839
340.000000 1507.974360
341.000000 1414.772591
342.000000 1354.723664
343.000000 1379.925614
344.000000 1459.573865
345.000000 1465.067222
346.000000 855.087065
347.000000 861.996599
348.000000 886.481256
349.000000 864.318960
350.000000 868.191907
351.000000 851.748963
352.000000 830.023126
353.000000 814.755413
354.000000 810.824418
355.000000 735.298271
356.000000 636.366448
357.000000 530.009787
358.000000 414.042618
359.000000 290.657783
