0.000000 33262.411429
1.000000 35495.948106
2.000000 40390.810924
3.000000 46176.265409
4.000000 51950.952526
5.000000 57449.474006
6.000000 63153.928818
7.000000 67677.995031
8.000000 70937.769319
9.000000 72982.674063
10.000000 74104.344089
11.000000 74288.995290
12.000000 74380.954927
13.000000 74170.511597
14.000000 72037.959278
15.000000 72568.531439
16.000000 55168.633791
17.000000 54353.737805
18.000000 51479.153853
19.000000 49644.944955
20.000000 51568.291034
21.000000 54430.953304
22.000000 55459.019625
23.000000 55525.300893
24.000000 54548.927282
25.000000 52158.836949
26.000000 48296.650880
27.000000 44595.320091
28.000000 43801.733481
29.000000 46379.921142
30.000000 50598.885411
31.000000 53787.471817
32.000000 55470.365297
33.000000 55934.874747
34.000000 55008.537357
35.000000 52985.370255
36.000000 52918.179971
37.000000 55132.021943
38.000000 56113.047129
39.000000 56042.049684
40.000000 56260.413057
41.000000 55671.036330
42.000000 54134.514422
43.000000 51614.116552
44.000000 48120.952565
45.000000 43829.544851
46.000000 36927.950615
47.000000 33632.456926
48.000000 32000.683604
49.000000 33272.133850
50.000000 36481.422517
51.000000 39943.819397
52.000000 43844.274767
53.000000 47431.686216
54.000000 50061.396712
55.000000 51595.490710
56.000000 52194.841205
57.000000 52149.827813
58.000000 52345.032435
59.000000 51657.452766
60.000000 49577.568069
61.000000 49311.662958
62.000000 51159.104072
63.000000 52327.967384
64.000000 52092.286833
65.000000 50704.291366
66.000000 47620.412106
67.000000 43821.313051
68.000000 41566.505807
69.000000 41868.192009
70.000000 44558.591911
71.000000 48434.195662
72.000000 51195.936753
73.000000 52168.654762
74.000000 52338.182788
75.000000 51658.348704
76.000000 53805.655616
77.000000 51902.185569
78.000000 53133.635538
79.000000 55968.482677
80.000000 57278.586256
81.000000 56410.022744
82.000000 56171.527651
83.000000 57199.832123
84.000000 57514.238669
85.000000 57389.201182
86.000000 57159.933746
87.000000 56171.704774
88.000000 54412.950534
89.000000 51875.997711
90.000000 48095.973790
91.000000 43723.945117
92.000000 39285.534460
93.000000 35698.961988
94.000000 31782.908773
95.000000 28356.746427
96.000000 26880.610636
97.000000 28053.640386
98.000000 31296.130988
99.000000 35231.666954
100.000000 38828.744740
101.000000 43172.898428
102.000000 47585.771733
103.000000 51398.281747
104.000000 53985.694368
105.000000 55745.117116
106.000000 82257.288314
107.000000 82355.896221
108.000000 82568.450167
109.000000 81358.669092
110.000000 80743.152181
111.000000 82020.622808
112.000000 80873.979153
113.000000 77080.153026
114.000000 75600.937287
115.000000 78664.297107
116.000000 81695.336087
117.000000 82132.577146
118.000000 80749.900209
119.000000 77014.806056
120.000000 71371.428525
121.000000 67385.821944
122.000000 68300.273901
123.000000 73434.698724
124.000000 78557.041518
125.000000 81344.476437
126.000000 81709.868511
127.000000 79589.835837
128.000000 78518.197311
129.000000 80655.914025
130.000000 81930.810527
131.000000 81721.234145
132.000000 80741.599784
133.000000 78049.121813
134.000000 73821.112548
135.000000 68113.426700
136.000000 68549.136022
137.000000 62328.276292
138.000000 59351.464402
139.000000 62286.232858
140.000000 68483.987525
141.000000 75454.007477
142.000000 81248.929479
143.000000 85898.824536
144.000000 88591.114891
145.000000 89241.306782
146.000000 89371.488542
147.000000 87951.150091
148.000000 85430.847717
149.000000 86569.213737
150.000000 88868.378699
151.000000 88575.861255
152.000000 85574.578858
153.000000 80269.234569
154.000000 74319.897870
155.000000 72898.565963
156.000000 77764.657400
157.000000 83665.258935
158.000000 87563.003993
159.000000 88854.832861
160.000000 88236.282732
161.000000 85006.315868
162.000000 81286.160537
163.000000 82975.960443
164.000000 87254.020212
165.000000 88321.001182
166.000000 94396.703235
167.000000 95116.016776
168.000000 97056.936024
169.000000 96786.779959
170.000000 96961.477417
171.000000 95836.141714
172.000000 93629.931255
173.000000 89894.260232
174.000000 84565.715579
175.000000 77806.737669
176.000000 70252.217760
177.000000 62201.369171
178.000000 54807.840620
179.000000 47557.635861
180.000000 44785.161728
181.000000 47536.954256
182.000000 54783.215579
183.000000 62175.508345
184.000000 70228.831479
185.000000 77795.011791
186.000000 84653.519481
187.000000 90075.236296
188.000000 93870.543547
189.000000 96144.945854
190.000000 97269.312803
191.000000 97202.780689
192.000000 97217.154358
193.000000 96971.618157
194.000000 94193.656059
195.000000 94910.691507
196.000000 104976.459972
197.000000 103684.541892
198.000000 98528.720062
199.000000 95255.106526
200.000000 98704.110282
201.000000 103776.978092
202.000000 105337.627903
203.000000 105410.876192
204.000000 104475.316463
205.000000 100532.375337
206.000000 93807.726977
207.000000 87188.336823
208.000000 85556.955101
209.000000 90509.498541
210.000000 97810.497259
211.000000 103250.091370
212.000000 105669.360946
213.000000 106115.602721
214.000000 104404.999562
215.000000 100524.410226
216.000000 100388.501425
217.000000 104434.301952
218.000000 106193.124065
219.000000 105659.807942
220.000000 106483.898003
221.000000 106204.450804
222.000000 104337.969725
223.000000 100363.630649
224.000000 94441.677356
225.000000 86995.535267
226.000000 70905.358021
227.000000 64625.076962
228.000000 61531.240190
229.000000 63996.981138
230.000000 69972.177785
231.000000 77195.624631
232.000000 83965.656585
233.000000 90034.001683
234.000000 94306.230305
235.000000 96612.175400
236.000000 97347.561908
237.000000 96823.631919
238.000000 97166.599667
239.000000 95908.933382
240.000000 92233.879012
241.000000 91767.339797
242.000000 95181.739056
243.000000 97349.557924
244.000000 97042.433870
245.000000 94914.841138
246.000000 89719.627223
247.000000 83400.303175
248.000000 78958.358104
249.000000 79598.185099
250.000000 84720.101665
251.000000 91119.821495
252.000000 95761.313929
253.000000 97127.912764
254.000000 97272.739641
255.000000 96132.420454
256.000000 84653.249183
257.000000 81828.808668
258.000000 83661.319003
259.000000 87979.741464
260.000000 90028.385672
261.000000 88330.868402
262.000000 87807.747392
263.000000 89600.620816
264.000000 90125.376854
265.000000 89994.469802
266.000000 90086.852968
267.000000 89111.549015
268.000000 86995.222983
269.000000 83079.180993
270.000000 77403.845121
271.000000 70981.890616
272.000000 64011.645784
273.000000 57725.722216
274.000000 51350.961347
275.000000 45778.021651
276.000000 43267.928939
277.000000 45269.723548
278.000000 50565.427230
279.000000 56957.569100
280.000000 63132.892996
281.000000 70163.950876
282.000000 76658.360618
283.000000 82332.334605
284.000000 86341.717216
285.000000 88571.024838
286.000000 110918.765419
287.000000 110703.883579
288.000000 111049.205049
289.000000 109405.752040
290.000000 108632.632558
291.000000 110472.882067
292.000000 109236.985942
293.000000 104456.598331
294.000000 102598.642869
295.000000 106445.644702
296.000000 110241.679524
297.000000 110583.843662
298.000000 109385.713501
299.000000 104984.610065
300.000000 98011.410970
301.000000 92872.082915
302.000000 94123.802491
303.000000 100559.497114
304.000000 106862.604121
305.000000 109892.477800
306.000000 110208.194145
307.000000 107398.502083
308.000000 105895.619578
309.000000 108773.060610
310.000000 110311.270410
311.000000 110111.548097
312.000000 109422.968212
313.000000 106703.867295
314.000000 101702.609010
315.000000 94670.160922
316.000000 100524.187610
317.000000 91742.248898
318.000000 87380.655805
319.000000 91657.786642
320.000000 100428.765017
321.000000 109171.872583
322.000000 116038.261239
323.000000 120907.046361
324.000000 123510.705919
325.000000 123568.562314
326.000000 123638.021546
327.000000 122026.522652
328.000000 118747.603613
329.000000 120381.035261
330.000000 123271.006777
331.000000 123218.476849
332.000000 120158.285473
333.000000 114067.053516
334.000000 106643.681732
335.000000 104801.457585
336.000000 110972.491390
337.000000 118082.518357
338.000000 122199.084009
339.000000 123331.099704
340.000000 122662.507360
341.000000 118994.316102
342.000000 114357.878856
343.000000 116491.482879
344.000000 121584.148544
345.000000 122666.424500
346.000000 72147.777473
347.000000 72722.219995
348.000000 74182.347230
349.000000 73930.968745
350.000000 73849.277613
351.000000 72724.009318
352.000000 70737.788036
353.000000 67531.787602
354.000000 63077.613589
355.000000 57457.012882
356.000000 51967.684539
357.000000 46194.587860
358.000000 40407.064282
359.000000 35509.390192
