0.000000 283.022741
1.000000 333.327158
2.000000 423.130465
3.000000 512.471489
4.000000 599.372217
5.000000 678.008562
6.000000 753.504299
7.000000 761.570865
8.000000 767.991637
9.000000 789.554342
10.000000 802.127278
11.000000 801.899941
12.000000 810.192648
13.000000 813.749806
14.000000 730.607000
15.000000 748.976255
16.000000 578.450174
17.000000 580.450713
18.000000 534.670785
19.000000 491.037282
20.000000 534.455148
21.000000 565.308203
22.000000 576.427941
23.000000 582.558708
24.000000 576.322816
25.000000 574.159164
26.000000 510.746924
27.000000 421.215871
28.000000 398.585473
29.000000 466.418271
30.000000 554.142048
31.000000 571.396213
32.000000 577.443513
33.000000 571.823097
34.000000 556.622820
35.000000 520.510241
36.000000 520.741015
37.000000 564.712219
38.000000 565.744403
39.000000 547.670953
40.000000 581.210376
41.000000 581.576161
42.000000 564.619920
43.000000 542.028805
44.000000 531.802867
45.000000 473.407910
46.000000 374.637763
47.000000 300.844478
48.000000 259.806077
49.000000 293.071948
50.000000 368.480445
51.000000 433.243550
52.000000 497.717162
53.000000 535.032313
54.000000 527.811341
55.000000 535.792312
56.000000 546.853847
57.000000 539.850863
58.000000 561.799708
59.000000 555.329986
60.000000 486.071045
61.000000 476.697032
62.000000 539.018031
63.000000 552.519462
64.000000 554.577698
65.000000 575.694500
66.000000 525.149724
67.000000 442.305199
68.000000 385.203521
69.000000 394.742472
70.000000 459.761955
71.000000 544.061947
72.000000 587.151018
73.000000 557.368517
74.000000 552.748298
75.000000 564.449898
76.000000 554.876106
77.000000 499.083708
78.000000 538.700947
79.000000 621.533756
80.000000 647.672422
81.000000 598.847586
82.000000 581.557086
83.000000 611.122305
84.000000 605.339639
85.000000 596.894715
86.000000 600.220221
87.000000 619.464695
88.000000 655.721011
89.000000 627.007325
90.000000 569.908877
91.000000 506.491926
92.000000 442.007233
93.000000 384.297015
94.000000 318.872237
95.000000 259.396651
96.000000 230.557227
97.000000 255.576769
98.000000 312.975902
99.000000 379.017011
100.000000 437.101850
101.000000 500.453489
102.000000 564.320375
103.000000 621.870181
104.000000 643.940352
105.000000 607.873779
106.000000 879.838052
107.000000 874.489165
108.000000 896.722802
109.000000 873.337648
110.000000 865.964113
111.000000 929.226303
112.000000 922.148079
113.000000 844.176433
114.000000 820.046322
115.000000 880.001192
116.000000 979.524723
117.000000 1042.147463
118.000000 987.157001
119.000000 893.249558
120.000000 805.020584
121.000000 757.144621
122.000000 769.447119
123.000000 836.816812
124.000000 931.634030
125.000000 1023.288245
126.000000 1087.947527
127.000000 1120.380919
128.000000 1137.226382
129.000000 1128.356429
130.000000 1114.995246
131.000000 1088.124345
132.000000 1041.467693
133.000000 972.384528
134.000000 891.808071
135.000000 807.169080
136.000000 820.553545
137.000000 765.548243
138.000000 744.493748
139.000000 760.832884
140.000000 811.912866
141.000000 888.717536
142.000000 975.226631
143.000000 1067.673692
144.000000 1141.268259
145.000000 1191.002863
146.000000 1219.791583
147.000000 1234.123947
148.000000 1243.579853
149.000000 1243.579853
150.000000 1243.579853
151.000000 1243.579853
152.000000 1243.579853
153.000000 1243.579853
154.000000 1243.579853
155.000000 1243.579853
156.000000 1243.579853
157.000000 1243.579853
158.000000 1243.579853
159.000000 1243.579853
160.000000 1243.579853
161.000000 1243.579853
162.000000 1243.579853
163.000000 1243.579853
164.000000 1243.579853
165.000000 1243.579853
166.000000 1344.645325
167.000000 1341.267081
168.000000 1334.423126
169.000000 1321.651650
170.000000 1299.738120
171.000000 1263.601514
172.000000 1211.200290
173.000000 1142.144463
174.000000 1059.213500
175.000000 969.645806
176.000000 888.971277
177.000000 824.854964
178.000000 771.299901
179.000000 737.926569
180.000000 726.640045
181.000000 737.926569
182.000000 771.299901
183.000000 824.854964
184.000000 888.971277
185.000000 969.645806
186.000000 1059.213500
187.000000 1142.144463
188.000000 1211.200290
189.000000 1263.601514
190.000000 1299.738120
191.000000 1321.651650
192.000000 1334.423126
193.000000 1341.267081
194.000000 1344.645325
195.000000 1347.219697
196.000000 1440.740395
197.000000 1440.740395
198.000000 1440.740395
199.000000 1440.740395
200.000000 1440.740395
201.000000 1440.740395
202.000000 1440.740395
203.000000 1440.740395
204.000000 1440.740395
205.000000 1440.740395
206.000000 1440.740395
207.000000 1440.740395
208.000000 1440.740395
209.000000 1440.740395
210.000000 1440.740395
211.000000 1440.740395
212.000000 1440.740395
213.000000 1440.740395
214.000000 1440.740395
215.000000 1440.740395
216.000000 1440.740395
217.000000 1440.740395
218.000000 1434.588449
219.000000 1425.134534
220.000000 1405.512654
221.000000 1369.893950
222.000000 1313.524382
223.000000 1232.878307
224.000000 1136.056322
225.000000 1037.744586
226.000000 846.601085
227.000000 797.402667
228.000000 779.756575
229.000000 795.792364
230.000000 843.582766
231.000000 916.565514
232.000000 1005.896524
233.000000 1101.230284
234.000000 1182.696546
235.000000 1243.032471
236.000000 1281.980748
237.000000 1303.579135
238.000000 1313.938138
239.000000 1321.033902
240.000000 1321.033902
241.000000 1321.033902
242.000000 1321.033902
243.000000 1321.033902
244.000000 1321.033902
245.000000 1321.033902
246.000000 1321.033902
247.000000 1321.033902
248.000000 1321.033902
249.000000 1321.033902
250.000000 1321.033902
251.000000 1321.033902
252.000000 1321.033902
253.000000 1321.033902
254.000000 1321.033902
255.000000 1321.033902
256.000000 1231.762800
257.000000 1231.762800
258.000000 1231.762800
259.000000 1231.762800
260.000000 1231.762800
261.000000 1231.762800
262.000000 1231.762800
263.000000 1225.142457
264.000000 1217.744380
265.000000 1204.120447
266.000000 1181.003824
267.000000 1144.930627
268.000000 1093.262823
269.000000 1025.489114
270.000000 947.469976
271.000000 867.275876
272.000000 788.101128
273.000000 724.988521
274.000000 675.282857
275.000000 648.128893
276.000000 638.496631
277.000000 646.848409
278.000000 672.787463
279.000000 720.613481
280.000000 782.701129
281.000000 861.486063
282.000000 941.878140
283.000000 1020.078530
284.000000 1088.942334
285.000000 1141.777174
286.000000 1447.395350
287.000000 1468.908618
288.000000 1481.234903
289.000000 1487.709771
290.000000 1490.833748
291.000000 1493.111985
292.000000 1493.111985
293.000000 1493.111985
294.000000 1493.111985
295.000000 1493.111985
296.000000 1493.111985
297.000000 1493.111985
298.000000 1493.111985
299.000000 1493.111985
300.000000 1493.111985
301.000000 1493.111985
302.000000 1493.111985
303.000000 1493.111985
304.000000 1493.111985
305.000000 1493.111985
306.000000 1493.111985
307.000000 1493.111985
308.000000 1493.111985
309.000000 1485.860826
310.000000 1473.775298
311.000000 1448.207542
312.000000 1402.105361
313.000000 1331.549375
314.000000 1237.483540
315.000000 1136.799709
316.000000 1238.393672
317.000000 1176.514055
318.000000 1155.851341
319.000000 1179.417830
320.000000 1243.752074
321.000000 1335.547141
322.000000 1433.770072
323.000000 1525.151062
324.000000 1593.937638
325.000000 1626.638463
326.000000 1643.424781
327.000000 1650.969744
328.000000 1655.121726
329.000000 1646.646527
330.000000 1626.452695
331.000000 1575.144590
332.000000 1475.607358
333.000000 1363.396673
334.000000 1282.222730
335.000000 1267.146036
336.000000 1326.448504
337.000000 1431.871793
338.000000 1540.217794
339.000000 1596.943999
340.000000 1528.239933
341.000000 1408.509935
342.000000 1335.678764
343.000000 1365.888750
344.000000 1464.927937
345.000000 1471.983363
346.000000 791.517159
347.000000 798.223426
348.000000 822.005836
349.000000 800.477885
350.000000 804.238116
351.000000 788.277846
352.000000 767.201101
353.000000 752.391652
354.000000 748.578346
355.000000 678.008562
356.000000 599.372217
357.000000 512.471489
358.000000 423.130465
359.000000 333.327158
